0.300 1.3453 0.98486
0.301 1.3379 0.96045
0.302 1.3164 0.92494
0.303 1.2950 0.88943
0.304 1.2736 0.85392
0.305 1.2521 0.81841
0.306 1.2307 0.78290
0.307 1.2093 0.74739
0.308 1.1879 0.71188
0.309 1.1664 0.67637
0.310 1.1450 0.64086
0.311 1.1201 0.60907
0.312 1.0871 0.58598
0.313 1.0541 0.56289
0.314 1.0211 0.53979
0.315 0.98814 0.51670
0.316 0.95515 0.49361
0.317 0.92216 0.47052
0.318 0.88918 0.44742
0.319 0.85619 0.42433
0.320 0.82320 0.40124
0.321 0.77541 0.41562
0.322 0.71775 0.45499
0.323 0.66009 0.49436
0.324 0.60243 0.53373
0.325 0.54477 0.57310
0.326 0.48712 0.61247
0.327 0.42946 0.65184
0.328 0.37180 0.69121
0.329 0.31414 0.73058
0.330 0.25649 0.76995
0.331 0.19883 0.80932
0.332 0.16864 0.84323
0.333 0.16591 0.87168
0.334 0.16318 0.90014
0.335 0.16045 0.92859
0.336 0.15773 0.95705
0.337 0.15500 0.98550
0.338 0.15227 1.0140
0.339 0.14955 1.0424
0.340 0.14682 1.0709
0.341 0.14409 1.0993
0.342 0.14136 1.1278
0.343 0.13829 1.1538
0.344 0.13487 1.1775
0.345 0.13145 1.2012
0.346 0.12803 1.2249
0.347 0.12462 1.2485
0.348 0.12120 1.2722
0.349 0.11778 1.2959
0.350 0.11436 1.3196
0.351 0.11094 1.3432
0.352 0.10752 1.3669
0.353 0.10410 1.3906
0.354 0.10068 1.4143
0.355 0.098258 1.4329
0.356 0.096058 1.4503
0.357 0.093869 1.4676
0.358 0.091679 1.4850
0.359 0.089489 1.5024
0.360 0.087299 1.5198
0.361 0.085109 1.5371
0.362 0.082920 1.5545
0.363 0.080730 1.5719
0.364 0.078540 1.5892
0.365 0.076350 1.6066
0.366 0.074161 1.6240
0.367 0.071971 1.6414
0.368 0.069853 1.6585
0.369 0.068382 1.6737
0.370 0.066912 1.6890
0.371 0.065441 1.7042
0.372 0.063971 1.7194
0.373 0.062500 1.7346
0.374 0.061029 1.7498
0.375 0.059559 1.7651
0.376 0.058088 1.7803
0.377 0.056618 1.7955
0.378 0.055147 1.8107
0.379 0.053676 1.8259
0.380 0.052206 1.8412
0.381 0.050735 1.8564
0.382 0.050000 1.8705
0.383 0.050000 1.8834
0.384 0.050000 1.8964
0.385 0.050000 1.9093
0.386 0.050000 1.9223
0.387 0.050000 1.9353
0.388 0.050000 1.9482
0.389 0.050000 1.9612
0.390 0.050000 1.9741
0.391 0.050000 1.9871
0.392 0.050000 2.0000
0.393 0.050000 2.0130
0.394 0.050000 2.0259
0.395 0.050000 2.0389
0.396 0.050000 2.0519
0.397 0.050000 2.0648
0.398 0.050000 2.0777
0.399 0.050000 2.0906
0.400 0.050000 2.1035
0.401 0.050000 2.1164
0.402 0.050000 2.1293
0.403 0.050000 2.1422
0.404 0.050000 2.1551
0.405 0.050000 2.1680
0.406 0.050000 2.1809
0.407 0.050000 2.1928
0.408 0.050000 2.2067
0.409 0.050000 2.2196
0.410 0.050000 2.2325
0.411 0.050000 2.2453
0.412 0.050000 2.2582
0.413 0.050000 2.2711
0.414 0.049593 2.2826
0.415 0.049012 2.2935
0.416 0.048430 2.3044
0.417 0.047849 2.3152
0.418 0.047267 2.3261
0.419 0.046686 2.3370
0.420 0.046105 2.3478
0.421 0.045523 2.3587
0.422 0.044942 2.3696
0.423 0.044360 2.3805
0.424 0.043779 2.3913
0.425 0.043198 2.4022
0.426 0.042616 2.4131
0.427 0.042035 2.4239
0.428 0.041453 2.4348
0.429 0.040872 2.4457
0.430 0.040291 2.4566
0.431 0.040000 2.4668
0.432 0.040000 2.4763
0.433 0.040000 2.4859
0.434 0.040000 2.4955
0.435 0.040000 2.5050
0.436 0.040000 2.5146
0.437 0.040000 2.5241
0.438 0.040000 2.5337
0.439 0.040000 2.5433
0.440 0.040000 2.5528
0.441 0.040000 2.5624
0.442 0.040000 2.5719
0.443 0.040000 2.5815
0.444 0.040000 2.5910
0.445 0.040000 2.6006
0.446 0.040000 2.6102
0.447 0.040000 2.6197
0.448 0.040000 2.6293
0.449 0.040000 2.6388
0.450 0.040000 2.6484
0.451 0.040049 2.6580
0.452 0.040537 2.6684
0.453 0.041024 2.6787
0.454 0.041512 2.6891
0.455 0.042000 2.6994
0.456 0.042488 2.7097
0.457 0.042976 2.7201
0.458 0.043463 2.7304
0.459 0.043951 2.7408
0.460 0.044439 2.7511
0.461 0.044927 2.7614
0.462 0.045415 2.7718
0.463 0.045902 2.7821
0.464 0.046390 2.7925
0.465 0.046878 2.8028
0.466 0.047366 2.8132
0.467 0.047854 2.8235
0.468 0.048341 2.8338
0.469 0.048829 2.8442
0.470 0.049317 2.8545
0.471 0.049805 2.8649
0.472 0.050000 2.8745
0.473 0.050000 2.8836
0.474 0.050000 2.8928
0.475 0.050000 2.9019
0.476 0.050000 2.9111
0.477 0.050000 2.9202
0.478 0.050000 2.9293
0.479 0.050000 2.9385
0.480 0.050000 2.9476
0.481 0.050000 2.9568
0.482 0.050000 2.9659
0.483 0.050000 2.9751
0.484 0.050000 2.9842
0.485 0.050000 2.9933
0.486 0.050000 3.0025
0.487 0.050000 3.0116
0.488 0.050000 3.0208
0.489 0.050000 3.0299
0.490 0.050000 3.0391
0.491 0.050000 3.0482
0.492 0.050000 3.0573
0.493 0.050000 3.0665
0.494 0.050000 3.0756
0.495 0.050000 3.0848
0.496 0.050000 3.0939
0.497 0.050000 3.1032
0.498 0.050000 3.1124
0.499 0.050000 3.1216
0.500 0.050000 3.1309
0.501 0.050000 3.1401
0.502 0.050000 3.1494
0.503 0.050000 3.1586
0.504 0.050000 3.1678
0.505 0.050000 3.1771
0.506 0.050000 3.1863
0.507 0.050000 3.1956
0.508 0.050000 3.2048
0.509 0.050000 3.2140
0.510 0.050000 3.2233
0.511 0.050000 3.2325
0.512 0.050000 3.2418
0.513 0.050000 3.2510
0.514 0.050000 3.2602
0.515 0.050000 3.2695
0.516 0.050000 3.2787
0.517 0.050000 3.2880
0.518 0.050000 3.2972
0.519 0.050000 3.3064
0.520 0.050000 3.3157
0.521 0.050036 3.3249
0.522 0.050397 3.3344
0.523 0.050758 3.3439
0.524 0.051119 3.3533
0.525 0.051480 3.3628
0.526 0.051841 3.3722
0.527 0.052202 3.3817
0.528 0.052563 3.3912
0.529 0.052924 3.4006
0.530 0.053285 3.4101
0.531 0.053646 3.4195
0.532 0.054007 3.4290
0.533 0.054368 3.4384
0.534 0.054729 3.4479
0.535 0.055090 3.4574
0.536 0.055451 3.4668
0.537 0.055812 3.4763
0.538 0.056173 3.4857
0.539 0.056534 3.4952
0.540 0.056895 3.5047
0.541 0.057256 3.5141
0.542 0.057617 3.5236
0.543 0.057978 3.5330
0.544 0.058339 3.5425
0.545 0.058700 3.5519
0.546 0.059061 3.5614
0.547 0.059422 3.5709
0.548 0.059783 3.5803
0.549 0.059881 3.5892
0.550 0.059582 3.5974
0.551 0.059284 3.6055
0.552 0.058985 3.6136
0.553 0.058687 3.6217
0.554 0.058388 3.6298
0.555 0.058090 3.6380
0.556 0.057791 3.6461
0.557 0.057493 3.6542
0.558 0.057194 3.6623
0.559 0.056896 3.6704
0.560 0.056597 3.6786
0.561 0.056299 3.6867
0.562 0.056000 3.6948
0.563 0.055701 3.7029
0.564 0.055403 3.7110
0.565 0.055104 3.7192
0.566 0.054806 3.7273
0.567 0.054507 3.7354
0.568 0.054209 3.7435
0.569 0.053910 3.7516
0.570 0.053612 3.7598
0.571 0.053313 3.7679
0.572 0.053015 3.7760
0.573 0.052716 3.7841
0.574 0.052418 3.7922
0.575 0.052119 3.8004
0.576 0.051821 3.8085
0.577 0.051522 3.8166
0.578 0.051224 3.8247
0.579 0.050925 3.8328
0.580 0.050627 3.8409
0.581 0.050328 3.8491
0.582 0.050030 3.8572
0.583 0.050259 3.8656
0.584 0.050548 3.8741
0.585 0.050836 3.8826
0.586 0.051124 3.8910
0.587 0.051412 3.8995
0.588 0.051700 3.9080
0.589 0.051988 3.9165
0.590 0.052277 3.9249
0.591 0.052565 3.9334
0.592 0.052853 3.9419
0.593 0.053141 3.9504
0.594 0.053429 3.9588
0.595 0.053718 3.9673
0.596 0.054006 3.9758
0.597 0.054294 3.9842
0.598 0.054582 3.9927
0.599 0.054870 4.0012
0.600 0.055159 4.0097
0.601 0.055447 4.0181
0.602 0.055735 4.0266
0.603 0.056023 4.0351
0.604 0.056311 4.0436
0.605 0.056599 4.0520
0.606 0.056888 4.0605
0.607 0.057176 4.0690
0.608 0.057464 4.0774
0.609 0.057752 4.0859
0.610 0.058040 4.0944
0.611 0.058329 4.1029
0.612 0.058617 4.1113
0.613 0.058905 4.1198
0.614 0.059193 4.1283
0.615 0.059481 4.1367
0.616 0.059769 4.1452
0.617 0.059953 4.1536
0.618 0.059719 4.1613
0.619 0.059485 4.1691
0.620 0.059251 4.1768
0.621 0.059016 4.1846
0.622 0.058782 4.1923
0.623 0.058548 4.2001
0.624 0.058314 4.2078
0.625 0.058080 4.2156
0.626 0.057845 4.2233
0.627 0.057611 4.2311
0.628 0.057377 4.2388
0.629 0.057143 4.2466
0.630 0.056909 4.2543
0.631 0.056674 4.2621
0.632 0.056440 4.2698
0.633 0.056206 4.2776
0.634 0.055972 4.2853
0.635 0.055738 4.2931
0.636 0.055504 4.3008
0.637 0.055269 4.3086
0.638 0.055035 4.3163
0.639 0.054801 4.3241
0.640 0.054567 4.3318
0.641 0.054333 4.3396
0.642 0.054098 4.3473
0.643 0.053864 4.3551
0.644 0.053630 4.3628
0.645 0.053396 4.3706
0.646 0.053162 4.3784
0.647 0.052927 4.3861
0.648 0.052693 4.3939
0.649 0.052459 4.4016
0.650 0.052225 4.4094
0.651 0.051991 4.4171
0.652 0.051756 4.4249
0.653 0.051522 4.4326
0.654 0.051288 4.4404
0.655 0.051054 4.4481
0.656 0.050820 4.4559
0.657 0.050585 4.4636
0.658 0.050351 4.4714
0.659 0.050117 4.4791
0.660 0.049889 4.4869
0.661 0.049667 4.4948
0.662 0.049444 4.5027
0.663 0.049222 4.5106
0.664 0.049000 4.5185
0.665 0.048778 4.5264
0.666 0.048556 4.5343
0.667 0.048333 4.5422
0.668 0.048111 4.5501
0.669 0.047889 4.5579
0.670 0.047667 4.5658
0.671 0.047444 4.5737
0.672 0.047222 4.5816
0.673 0.047000 4.5895
0.674 0.046778 4.5974
0.675 0.046556 4.6053
0.676 0.046333 4.6132
0.677 0.046111 4.6211
0.678 0.045889 4.6289
0.679 0.045667 4.6368
0.680 0.045444 4.6447
0.681 0.045222 4.6526
0.682 0.045000 4.6605
0.683 0.044778 4.6684
0.684 0.044556 4.6763
0.685 0.044333 4.6842
0.686 0.044111 4.6921
0.687 0.043889 4.6999
0.688 0.043667 4.7078
0.689 0.043444 4.7157
0.690 0.043222 4.7236
0.691 0.043000 4.7315
0.692 0.042778 4.7394
0.693 0.042556 4.7473
0.694 0.042333 4.7552
0.695 0.042111 4.7631
0.696 0.041889 4.7709
0.697 0.041667 4.7788
0.698 0.041444 4.7867
0.699 0.041222 4.7946
0.700 0.041000 4.8025
0.701 0.040778 4.8104
0.702 0.040556 4.8183
0.703 0.040333 4.8262
0.704 0.040111 4.8341
0.705 0.039903 4.8419
0.706 0.039709 4.8498
0.707 0.039515 4.8576
0.708 0.039320 4.8655
0.709 0.039126 4.8733
0.710 0.038932 4.8811
0.711 0.038738 4.8890
0.712 0.038544 4.8968
0.713 0.038350 4.9047
0.714 0.038155 4.9125
0.715 0.037961 4.9204
0.716 0.037767 4.9282
0.717 0.037573 4.9361
0.718 0.037379 4.9439
0.719 0.037184 4.9517
0.720 0.036990 4.9596
0.721 0.036796 4.9674
0.722 0.036602 4.9753
0.723 0.036408 4.9831
0.724 0.036214 4.9910
0.725 0.036019 4.9988
0.726 0.035825 5.0067
0.727 0.035631 5.0145
0.728 0.035437 5.0223
0.729 0.035243 5.0302
0.730 0.035049 5.0380
0.731 0.034854 5.0459
0.732 0.034660 5.0537
0.733 0.034466 5.0616
0.734 0.034272 5.0694
0.735 0.034078 5.0773
0.736 0.033883 5.0851
0.737 0.033689 5.0930
0.738 0.033495 5.1008
0.739 0.033301 5.1086
0.740 0.033107 5.1165
0.741 0.032913 5.1243
0.742 0.032718 5.1322
0.743 0.032524 5.1400
0.744 0.032330 5.1479
0.745 0.032136 5.1557
0.746 0.031942 5.1636
0.747 0.031748 5.1714
0.748 0.031553 5.1792
0.749 0.031359 5.1871
0.750 0.031165 5.1949
0.751 0.030971 5.2028
0.752 0.030777 5.2106
0.753 0.030583 5.2185
0.754 0.030388 5.2263
0.755 0.030194 5.2342
0.756 0.030000 5.2420
0.757 0.030154 5.2495
0.758 0.030307 5.2569
0.759 0.030461 5.2644
0.760 0.030614 5.2718
0.761 0.030768 5.2793
0.762 0.030922 5.2867
0.763 0.031075 5.2942
0.764 0.031229 5.3016
0.765 0.031382 5.3091
0.766 0.031536 5.3165
0.767 0.031690 5.3240
0.768 0.031843 5.3314
0.769 0.031997 5.3389
0.770 0.032151 5.3463
0.771 0.032304 5.3538
0.772 0.032458 5.3612
0.773 0.032611 5.3687
0.774 0.032765 5.3761
0.775 0.032919 5.3836
0.776 0.033072 5.3910
0.777 0.033226 5.3985
0.778 0.033379 5.4059
0.779 0.033533 5.4134
0.780 0.033687 5.4208
0.781 0.033840 5.4283
0.782 0.033994 5.4357
0.783 0.034147 5.4432
0.784 0.034301 5.4506
0.785 0.034455 5.4581
0.786 0.034608 5.4655
0.787 0.034762 5.4730
0.788 0.034916 5.4804
0.789 0.035069 5.4879
0.790 0.035223 5.4953
0.791 0.035376 5.5028
0.792 0.035530 5.5102
0.793 0.035684 5.5177
0.794 0.035837 5.5251
0.795 0.035991 5.5326
0.796 0.036144 5.5400
0.797 0.036298 5.5475
0.798 0.036452 5.5549
0.799 0.036605 5.5624
0.800 0.036759 5.5698
0.801 0.036912 5.5773
0.802 0.037066 5.5847
0.803 0.037220 5.5922
0.804 0.037373 5.5996
0.805 0.037527 5.6071
0.806 0.037680 5.6145
0.807 0.037834 5.6220
0.808 0.037988 5.6294
0.809 0.038141 5.6369
0.810 0.038295 5.6443
0.811 0.038449 5.6518
0.812 0.038602 5.6592
0.813 0.038756 5.6667
0.814 0.038909 5.6741
0.815 0.039063 5.6816
0.816 0.039217 5.6890
0.817 0.039370 5.6965
0.818 0.039524 5.7039
0.819 0.039677 5.7114
0.820 0.039831 5.7188
0.821 0.039985 5.7263
0.822 0.040000 5.7344
0.823 0.040000 5.7427
0.824 0.040000 5.7509
0.825 0.040000 5.7592
0.826 0.040000 5.7674
0.827 0.040000 5.7757
0.828 0.040000 5.7839
0.829 0.040000 5.7922
0.830 0.040000 5.8004
0.831 0.040000 5.8087
0.832 0.040000 5.8169
0.833 0.040000 5.8252
0.834 0.040000 5.8334
0.835 0.040000 5.8417
0.836 0.040000 5.8499
0.837 0.040000 5.8582
0.838 0.040000 5.8664
0.839 0.040000 5.8747
0.840 0.040000 5.8829
0.841 0.040000 5.8912
0.842 0.040000 5.8994
0.843 0.040000 5.9077
0.844 0.040000 5.9159
0.845 0.040000 5.9242
0.846 0.040000 5.9325
0.847 0.040000 5.9407
0.848 0.040000 5.9490
0.849 0.040000 5.9572
0.850 0.040000 5.9655
0.851 0.040000 5.9737
0.852 0.040000 5.9820
0.853 0.040000 5.9902
0.854 0.040000 5.9985
0.855 0.040000 6.0067
0.856 0.040000 6.0150
0.857 0.040000 6.0232
0.858 0.040000 6.0315
0.859 0.040000 6.0397
0.860 0.040000 6.0480
0.861 0.040000 6.0562
0.862 0.040000 6.0645
0.863 0.040000 6.0727
0.864 0.040000 6.0810
0.865 0.040000 6.0892
0.866 0.040000 6.0975
0.867 0.040000 6.1057
0.868 0.040000 6.1140
0.869 0.040000 6.1222
0.870 0.040000 6.1305
0.871 0.040000 6.1387
0.872 0.040000 6.1470
0.873 0.040000 6.1552
0.874 0.040000 6.1635
0.875 0.040000 6.1717
0.876 0.040000 6.1800
0.877 0.040000 6.1882
0.878 0.040000 6.1965
0.879 0.040000 6.2047
0.880 0.040000 6.2130
0.881 0.040000 6.2212
0.882 0.040000 6.2295
0.883 0.040000 6.2377
0.884 0.040000 6.2460
0.885 0.040000 6.2542
0.886 0.040000 6.2625
0.887 0.040000 6.2707
0.888 0.040000 6.2790
0.889 0.040000 6.2872
0.890 0.040000 6.2955
0.891 0.040000 6.3037
0.892 0.040000 6.3120
0.893 0.040000 6.3194
0.894 0.040000 6.3268
0.895 0.040000 6.3342
0.896 0.040000 6.3416
0.897 0.040000 6.3490
0.898 0.040000 6.3563
0.899 0.040000 6.3637
0.900 0.040000 6.3711
