0.300 1.5301 1.7271
0.301 1.5357 1.7272
0.302 1.5412 1.7273
0.303 1.5468 1.7274
0.304 1.5524 1.7275
0.305 1.5580 1.7276
0.306 1.5635 1.7277
0.307 1.5691 1.7277
0.308 1.5747 1.7278
0.309 1.5803 1.7279
0.310 1.5857 1.7277
0.311 1.5887 1.7193
0.312 1.5917 1.7110 
0.313 1.5947 1.7027
0.314 1.5977 1.6943
0.315 1.6007 1.6860
0.316 1.6037 1.6776
0.317 1.6067 1.6693
0.318 1.6097 1.6610
0.319 1.6127 1.6526
0.320 1.6157 1.6443
0.321 1.6187 1.6360
0.322 1.6217 1.6276
0.323 1.6247 1.6193
0.324 1.6277 1.6109
0.325 1.6307 1.6026
0.326 1.6336 1.5943
0.327 1.6366 1.5859
0.328 1.6396 1.5776
0.329 1.6426 1.5692
0.330 1.6456 1.5609
0.331 1.6447 1.5533
0.332 1.6371 1.5469
0.333 1.6295 1.5405
0.334 1.6219 1.5341
0.335 1.6143 1.5277
0.336 1.6068 1.5214
0.337 1.5992 1.5150
0.338 1.5916 1.5086
0.339 1.5840 1.5022
0.340 1.5764 1.4958
0.341 1.5689 1.4894
0.342 1.5613 1.4830
0.343 1.5537 1.4766
0.344 1.5461 1.4702
0.345 0.5385 1.4638
0.346 1.5310 1.4575
0.347 1.5234 1.4511
0.348 1.5158 1.4447
0.349 1.5082 1.4383
0.350 1.5006 1.4319
0.351 1.4931 1.4255
0.352 1.4855 1.4191
0.353 1.4779 1.4127
0.354 1.4703 1.4063
0.355 1.4619 1.4025
0.356 1.4531 1.3995
0.357 1.4443 1.3966
0.358 1.4356 1.3936
0.359 1.4268 1.3906
0.360 1.4181 1.3876
0.361 1.4093 1.3846
0.362 1.4005 1.3816
0.363 1.3918 1.3786
0.364 1.3830 1.3756
0.365 1.3743 1.3727
0.366 1.3655 1.3697
0.367 1.3567 1.3667
0.368 1.3480 1.3637
0.369 1.3392 1.3607
0.370 1.3305 1.3577
0.371 1.3217 1.3547
0.372 1.3129 1.3517
0.373 1.3042 1.3488
0.374 1.2954 1.3458
0.375 1.2867 1.3428
0.376 1.2779 1.3398
0.377 1.2691 1.3368
0.378 1.2604 1.3338
0.379 1.2516 1.3308
0.380 1.2429 1.3279
0.381 1.2341 1.3249
0.382 1.2201 1.3235
0.383 1.2010 1.3236
0.384 1.1819 1.3238
0.385 1.1628 1.3239
0.386 1.1437 1.3241
0.387 1.1246 1.3242
0.388 1.1055 1.3244
0.389 1.0865 1.3245
0.390 1.0674 1.3247
0.391 1.0483 1.3248
0.392 1.0292 1.3250
0.393 1.0101 1.3251
0.394 0.99102 1.3253
0.395 0.97193 1.3254
0.396 0.95285 1.3256
0.397 0.93376 1.3257
0.398 0.91467 1.3259
0.399 0.89558 1.3260
0.400 0.87650 1.3262
0.401 0.85741 1.3263
0.402 0.83832 1.3265
0.403 0.81924 1.3266
0.404 0.80015 1.3268
0.405 0.78106 1.3269
0.406 0.76197 1.3271
0.407 0.74289 1.3273
0.408 0.72380 1.3274
0.409 0.70471 1.3276
0.410 0.68562 1.3277
0.411 0.66654 1.3279
0.412 0.64745 1.3280
0.413 0.62836 1.3282
0.414 0.61477 1.3421
0.415 0.60333 1.3615
0.416 0.59188 1.3809
0.417 0.58044 1.4003
0.418 0.56899 1.4197
0.419 0.55755 1.4391
0.420 0.54610 1.4585
0.421 0.53466 1.4779
0.422 0.52321 1.4973
0.423 0.51177 1.5167
0.424 0.50032 1.5361
0.425 0.48888 1.5555
0.426 0.47743 1.5749
0.427 0.46599 1.5943
0.428 0.45454 1.6137
0.429 0.44310 1.6331
0.430 0.43165 1.6525
0.431 0.42021 1.6719
0.432 0.40876 1.6913
0.433 0.39732 1.7107
0.434 0.38587 1.7301
0.435 0.37443 1.7495
0.436 0.36298 1.7689
0.437 0.35154 1.7883
0.438 0.34009 1.8077
0.439 0.32865 1.8271
0.440 0.31720 1.8465
0.441 0.30576 1.8659
0.442 0.29431 1.8853
0.443 0.28287 1.9047
0.444 0.27142 1.9241
0.445 0.25998 1.9435
0.446 0.24853 1.9629
0.447 0.23709 1.9823
0.448 0.22564 2.0017
0.449 0.21420 2.0211
0.450 0.20275 2.0405
0.451 0.19282 2.0590
0.452 0.19164 2.0728
0.453 0.19045 2.0866
0.454 0.18926 2.1004
0.455 0.18807 2.1142
0.456 0.18688 2.1280
0.457 0.18569 2.1418
0.458 0.18450 2.1555
0.459 0.18331 2.1693
0.460 0.18212 2.1831
0.461 0.18094 2.1969
0.462 0.17975 2.2107
0.463 0.17856 2.2245
0.464 0.17737 2.2382
0.465 0.17618 2.2520
0.466 0.17499 2.2658
0.467 0.17380 2.2796
0.468 0.17261 2.2934
0.469 0.17142 2.3072
0.470 0.17024 2.3210
0.471 0.16905 2.3347
0.472 0.16786 2.3485
0.473 0.16667 2.3623
0.474 0.16548 2.3761
0.475 0.16429 2.3899
0.476 0.16310 2.4037
0.477 0.16191 2.4175
0.478 0.16072 2.4312
0.479 0.15954 2.4450
0.480 0.15835 2.4588
0.481 0.15716 2.4726
0.482 0.15597 2.4864
0.483 0.15478 2.5002
0.484 0.15359 2.5139
0.485 0.15240 2.5277
0.486 0.15121 2.5415
0.487 0.15002 2.5553
0.488 0.14884 2.5691
0.489 0.14765 2.5829
0.490 0.14646 2.5967
0.491 0.14527 2.6104
0.492 0.14408 2.6242
0.493 0.14289 2.6380
0.494 0.14170 2.6518
0.495 0.14051 2.6656
0.496 0.13939 2.6792
0.497 0.13929 2.6899
0.498 0.13919 2.7006
0.499 0.13909 2.7113
0.500 0.13899 2.7220
0.501 0.13889 2.7327
0.502 0.13878 2.7435
0.503 0.13868 2.7542
0.504 0.13858 2.7649
0.505 0.13848 2.7756
0.506 0.13838 2.7863
0.507 0.13828 2.7970
0.508 0.13817 2.8077
0.509 0.13807 2.8185
0.510 0.13797 2.8292
0.511 0.13787 2.8399
0.512 0.13777 2.8506
0.513 0.13767 2.8613
0.514 0.13756 2.8720
0.515 0.13746 2.8827
0.516 0.13736 2.8935
0.517 0.13726 2.9042
0.518 0.13716 2.9149
0.519 0.13706 2.9256
0.520 0.13695 2.9363
0.521 0.13685 2.9470
0.522 0.13675 2.9577
0.523 0.13665 2.9685
0.524 0.13655 2.9792
0.525 0.13645 2.9899
0.526 0.13634 3.0006
0.527 0.13624 3.0113
0.528 0.13614 3.0220
0.529 0.13604 3.0327
0.530 0.13594 3.0435
0.531 0.13584 3.0542
0.532 0.13574 3.0649
0.533 0.13563 3.0756
0.534 0.13553 3.0863
0.535 0.13543 3.0970
0.536 0.13533 3.1077
0.537 0.13523 3.1185
0.538 0.13513 3.1292
0.539 0.13502 3.1399
0.540 0.13492 3.1506
0.541 0.13482 3.1613
0.542 0.13472 3.1720
0.543 0.13462 3.1827
0.544 0.13452 3.1935
0.545 0.13441 3.2042
0.546 0.13431 3.2149
0.547 0.13421 3.2256
0.548 0.13411 3.2363
0.549 0.13401 3.2470
0.550 0.13391 3.2577
0.551 0.13380 3.2685
0.552 0.13398 3.2779
0.553 0.13416 3.2872
0.554 0.13435 3.2966
0.555 0.13454 3.3059
0.556 0.13472 3.3153
0.557 0.13491 3.3246
0.558 0.13509 3.3340
0.559 0.13528 3.3433
0.560 0.13546 3.3527
0.561 0.13565 3.3620
0.562 0.13584 3.3714
0.563 0.13602 3.3807
0.564 0.13621 3.3901
0.565 0.13639 3.3994
0.566 0.13658 3.4088
0.567 0.13677 3.4181
0.568 0.13695 3.4275
0.569 0.13714 3.4368
0.570 0.13732 3.4462
0.571 0.13751 3.4555
0.572 0.13769 3.4649
0.573 0.13788 3.4742
0.574 0.13807 3.4836
0.575 0.13825 3.4929
0.576 0.13844 3.5023
0.577 0.13862 3.5116
0.578 0.13881 3.5210
0.579 0.13900 3.5303
0.580 0.13918 3.5397
0.581 0.13937 3.5490
0.582 0.13955 3.5584
0.583 0.13974 3.5678
0.584 0.13992 3.5771
0.585 0.14011 3.5865
0.586 0.14030 3.5958
0.587 0.14048 3.6052
0.588 0.14067 3.6145
0.589 0.14085 3.6239
0.590 0.14104 3.6332
0.591 0.14123 3.6426
0.592 0.14141 3.6519
0.593 0.14160 3.6613
0.594 0.14178 3.6706
0.595 0.14197 3.6800
0.596 0.14215 3.6893
0.597 0.14234 3.6987
0.598 0.14253 3.7080
0.599 0.14271 3.7174
0.600 0.14290 3.7267
0.601 0.14308 3.7361
0.602 0.14327 3.7454
0.603 0.14346 3.7548
0.604 0.14364 3.7641
0.605 0.14383 3.7735
0.606 0.14401 3.7828
0.607 0.14420 3.7922
0.608 0.14438 3.8015
0.609 0.14457 3.8109
0.610 0.14476 3.8202
0.611 0.14494 3.8296
0.612 0.14513 3.8389
0.613 0.14531 3.8483
0.614 0.14550 3.8576
0.615 0.14569 3.8670
0.616 0.14587 3.8763
0.617 0.14606 3.8857
0.618 0.14624 3.8950
0.619 0.14643 3.9044
0.620 0.14663 3.9137
0.621 0.14694 3.9223
0.622 0.14726 3.9309
0.623 0.14758 3.9395
0.624 0.14789 3.9481
0.625 0.14821 3.9567
0.626 0.14853 3.9653
0.627 0.14885 3.9739
0.628 0.14916 3.9826
0.629 0.14948 3.9912
0.630 0.14980 3.9998
0.631 0.15012 4.0084
0.632 0.15043 4.0170
0.633 0.15075 4.0256
0.634 0.15107 4.0342
0.635 0.15138 4.0428
0.636 0.15170 4.0514
0.637 0.15202 4.0600
0.638 0.15234 4.0686
0.639 0.15265 4.0772
0.640 0.15297 4.0859
0.641 0.15329 4.0945
0.642 0.15361 4.1031
0.643 0.15392 4.1117
0.644 0.15424 4.1203
0.645 0.15456 4.1289
0.646 0.15487 4.1375
0.647 0.15519 4.1461
0.648 0.15551 4.1547
0.649 0.15583 4.1633
0.650 0.15614 4.1719
0.651 0.15646 4.1806
0.652 0.15678 4.1892
0.653 0.15710 4.1978
0.654 0.15741 4.2064
0.655 0.15773 4.2150
0.656 0.15805 4.2236
0.657 0.15837 4.2322
0.658 0.15868 4.2408
0.659 0.15900 4.2494
0.660 0.15932 4.2580
0.661 0.15963 4.2666
0.662 0.15995 4.2753
0.663 0.16027 4.2839
0.664 0.16059 4.2925
0.665 0.16090 4.3011
0.666 0.16122 4.3097
0.667 0.16154 4.3183
0.668 0.16186 4.3269
0.669 0.16217 4.3355
0.670 0.16249 4.3441
0.671 0.16281 4.3527
0.672 0.16312 4.3613
0.673 0.16344 4.3699
0.674 0.16376 4.3786
0.675 0.16408 4.3872
0.676 0.16439 4.3958
0.677 0.16471 4.4044
0.678 0.16503 4.4130
0.679 0.16535 4.4216
0.680 0.16566 4.4302
0.681 0.16598 4.4388
0.682 0.16630 4.4474
0.683 0.16661 4.4560
0.684 0.16693 4.4646
0.685 0.16725 4.4733
0.686 0.16757 4.4819
0.687 0.16788 4.4905
0.688 0.16820 4.4991
0.689 0.16852 4.5077
0.690 0.16884 4.5163
0.691 0.16915 4.5249
0.692 0.16947 4.5335
0.693 0.16979 4.5421
0.694 0.17011 4.5507
0.695 0.17042 4.5593
0.696 0.17074 4.5680
0.697 0.17106 4.5766
0.698 0.17137 4.5852
0.699 0.17169 4.5938
0.700 0.17201 4.6024
0.701 0.17233 4.6110
0.702 0.17264 4.6196
0.703 0.17296 4.6282
0.704 0.17328 4.6368
0.705 0.17360 4.6454
0.706 0.17391 4.6540
0.707 0.17423 4.6627
0.708 0.17455 4.6713
0.709 0.17492 4.6796
0.710 0.17534 4.6878
0.711 0.17576 4.6959
0.712 0.17618 4.7041
0.713 0.17659 4.7122
0.714 0.17701 4.7204
0.715 0.17743 4.7285
0.716 0.17785 4.7367
0.717 0.17827 4.7448
0.718 0.17869 4.7529
0.719 0.17911 4.7611
0.720 0.17953 4.7692
0.721 0.17995 4.7774
0.722 0.18037 4.7855
0.723 0.18079 4.7937
0.724 0.18121 4.8018
0.725 0.18182 4.8100
0.726 0.18204 4.8181
0.727 0.18246 4.8263
0.728 0.18288 4.8344
0.729 0.18330 4.8426
0.730 0.18372 4.8507
0.731 0.18414 4.8588
0.732 0.18456 4.8670
0.733 0.18498 4.8751
0.734 0.18540 4.8833
0.735 0.18582 4.8914
0.736 0.18624 4.8996
0.737 0.18666 4.9077
0.738 0.18707 4.9159
0.739 0.18749 4.9240
0.740 0.18791 4.9322
0.741 0.18833 4.9403
0.742 0.18875 4.9485
0.743 0.18917 4.9566
0.744 0.18959 4.9647
0.745 0.19001 4.9729
0.746 0.19043 4.9810
0.747 0.19085 4.9892
0.748 0.19127 4.9973
0.749 0.19169 5.0055
0.750 0.19211 5.0136
0.751 0.19252 5.0218
0.752 0.19294 5.0299
0.753 0.19336 5.0381
0.754 0.19378 5.0462
0.755 0.19420 5.0544
0.756 0.19462 5.0625
0.757 0.19504 5.0706
0.758 0.19546 5.0788
0.759 0.19588 5.0869
0.760 0.19630 5.0951
0.761 0.19672 5.1032
0.762 0.19714 5.1114
0.763 0.19755 5.1195
0.764 0.19797 5.1277
0.765 0.19839 5.1358
0.766 0.19881 5.1440
0.767 0.19923 5.1521
0.768 0.19965 5.1603
0.769 0.20007 5.1684
0.770 0.20049 5.1765
0.771 0.20091 5.1847
0.772 0.20133 5.1928
0.773 0.20175 5.2010
0.774 0.20217 5.2091
0.775 0.20259 5.2173
0.776 0.20300 5.2254
0.777 0.20342 5.2336
0.778 0.20384 5.2417
0.779 0.20426 5.2499
0.780 0.20468 5.2580
0.781 0.20510 5.2662
0.782 0.20552 5.2743
0.783 0.20594 5.2824
0.784 0.20636 5.2906
0.785 0.20678 5.2987
0.786 0.20720 5.3069
0.787 0.20762 5.3150
0.788 0.20803 5.3232
0.789 0.20845 5.3313
0.790 0.20887 5.3395
0.791 0.20929 5.3476
0.792 0.20971 5.3558
0.793 0.21013 5.3639
0.794 0.21055 5.3721
0.795 0.21097 5.3802
0.796 0.21139 5.3883
0.797 0.21181 5.3965
0.798 0.21223 5.4046
0.799 0.21265 5.4128
0.800 0.21307 5.4209
0.801 0.21348 5.4291
0.802 0.21390 5.4372
0.803 0.21432 5.4454
0.804 0.21474 5.4535
0.805 0.21516 5.4617
0.806 0.21558 5.4698
0.807 0.21600 5.4780
0.808 0.21642 5.4861
0.809 0.21684 5.4942
0.810 0.21726 5.5024
0.811 0.21768 5.5105
0.812 0.21810 5.5187
0.813 0.21852 5.5268
0.814 0.21893 5.5350
0.815 0.21935 5.5431
0.816 0.21977 5.5513
0.817 0.22019 5.5594
0.818 0.22061 5.5676
0.819 0.22103 5.5757
0.820 0.22145 5.5839
0.821 0.22187 5.5920
0.822 0.22229 5.6001
0.823 0.22271 5.6083
0.824 0.22313 5.6164
0.825 0.22355 5.6246
0.826 0.22396 5.6327
0.827 0.22443 5.6407
0.828 0.22495 5.6486
0.829 0.22547 5.6564
0.830 0.22599 5.6642
0.831 0.22651 5.6721
0.832 0.22703 5.6799
0.833 0.22755 5.6878
0.834 0.22807 5.6956
0.835 0.22859 5.7034
0.836 0.22910 5.7113
0.837 0.22962 5.7191
0.838 0.23014 5.7269
0.839 0.23066 5.7348
0.840 0.23118 5.7426
0.841 0.23170 5.7504
0.842 0.23222 5.7583
0.843 0.23274 5.7661
0.844 0.23326 5.7739
0.845 0.23378 5.7818
0.846 0.23430 5.7896
0.847 0.23482 5.7974
0.848 0.23534 5.8053
0.849 0.23586 5.8131
0.850 0.23638 5.8210
0.851 0.23690 5.8288
0.852 0.23742 5.8366
0.853 0.23794 5.8445
0.854 0.23846 5.8523
0.855 0.23898 5.8601
0.856 0.23950 5.8680
0.857 0.24002 5.8758
0.858 0.24054 5.8836
0.859 0.24106 5.8915
0.860 0.24158 5.8993
0.861 0.24210 5.9071
0.862 0.24261 5.9150
0.863 0.24313 5.9228
0.864 0.24365 5.9307
0.865 0.24417 5.9385
0.866 0.24469 5.9463
0.867 0.24521 5.9542
0.868 0.24573 5.9620
0.869 0.24625 5.9698
0.870 0.24677 5.9777
0.871 0.24729 5.9855
0.872 0.24781 5.9933
0.873 0.24833 6.0012
0.874 0.24885 6.0090
0.875 0.24937 6.0168
0.876 0.24989 6.0247
0.877 0.25041 6.0325
0.878 0.25093 6.0403
0.879 0.25145 6.0482
0.880 0.25197 6.0560
0.881 0.25249 6.0639
0.882 0.25301 6.0717
0.883 0.25353 6.0795
0.884 0.25405 6.0874
0.885 0.25457 6.0952
0.886 0.25509 6.1030
0.887 0.25561 6.1109
0.888 0.25612 6.1187
0.889 0.25664 6.1265
0.890 0.25716 6.1344
0.891 0.25768 6.1422
0.892 0.25820 6.1500
0.893 0.25872 6.1579
0.894 0.25924 6.1657
0.895 0.25976 6.1735
0.896 0.26028 6.1814
0.897 0.26080 6.1892
0.898 0.26132 6.1971
0.899 0.26184 6.2049
0.900 0.26236 6.2127
