0.300	1.452760	0.917144
0.301	1.456635	0.894308
0.302	1.462252	0.869280
0.303	1.470274	0.840434
0.304	1.480960	0.804545
0.305	1.491439	0.755515
0.306	1.488512	0.690712
0.307	1.463853	0.626119
0.308	1.427684	0.570996
0.309	1.386510	0.523533
0.310	1.342243	0.481438
0.311	1.295255	0.443326
0.312	1.245330	0.408463
0.313	1.191909	0.376641
0.314	1.134166	0.348296
0.315	1.071306	0.325024
0.316	1.004287	0.309968
0.317	0.937540	0.304259
0.318	0.873670	0.304880
0.319	0.812187	0.309577
0.320	0.752200	0.317637
0.321	0.693108	0.329067
0.322	0.634657	0.344229
0.323	0.576963	0.363677
0.324	0.520590	0.387989
0.325	0.466577	0.417523
0.326	0.416290	0.452093
0.327	0.371028	0.490786
0.328	0.331546	0.532134
0.329	0.297869	0.574577
0.330	0.269464	0.616852
0.331	0.245548	0.658137
0.332	0.225328	0.697984
0.333	0.208101	0.736206
0.334	0.193296	0.772766
0.335	0.180458	0.807711
0.336	0.169228	0.841131
0.337	0.159327	0.873127
0.338	0.150534	0.903808
0.339	0.142672	0.933278
0.340	0.135602	0.961631
0.341	0.129209	0.988958
0.342	0.123401	1.015340
0.343	0.118100	1.040850
0.344	0.113243	1.065553
0.345	0.108777	1.089509
0.346	0.104656	1.112773
0.347	0.100843	1.135392
0.348	0.097304	1.157411
0.349	0.094011	1.178870
0.350	0.090941	1.199805
0.351	0.088070	1.220248
0.352	0.085382	1.240230
0.353	0.082859	1.259778
0.354	0.080488	1.278919
0.355	0.078255	1.297673
0.356	0.076148	1.316064
0.357	0.074159	1.334110
0.358	0.072278	1.351830
0.359	0.070495	1.369241
0.360	0.068806	1.386358
0.361	0.067202	1.403196
0.362	0.065677	1.419767
0.363	0.064227	1.436086
0.364	0.062845	1.452162
0.365	0.061529	1.468007
0.366	0.060273	1.483632
0.367	0.059073	1.499046
0.368	0.057927	1.514258
0.369	0.056830	1.529276
0.370	0.055781	1.544108
0.371	0.054776	1.558762
0.372	0.053812	1.573245
0.373	0.052888	1.587564
0.374	0.052001	1.601723
0.375	0.051148	1.615731
0.376	0.050331	1.629592
0.377	0.049544	1.643312
0.378	0.048787	1.656895
0.379	0.048059	1.670347
0.380	0.047357	1.683671
0.381	0.046683	1.696873
0.382	0.046031	1.709956
0.383	0.045404	1.722925
0.384	0.044797	1.735782
0.385	0.044213	1.748533
0.386	0.043650	1.761179
0.387	0.043104	1.773725
0.388	0.042579	1.786172
0.389	0.042070	1.798525
0.390	0.041579	1.810786
0.391	0.041103	1.822959
0.392	0.040643	1.835044
0.393	0.040200	1.847045
0.394	0.039767	1.858965
0.395	0.039351	1.870805
0.396	0.038948	1.882568
0.397	0.038556	1.894256
0.398	0.038178	1.905871
0.399	0.037809	1.917415
0.400	0.037455	1.928889
0.401	0.037109	1.940296
0.402	0.036775	1.951637
0.403	0.036451	1.962915
0.404	0.036136	1.974129
0.405	0.035831	1.985283
0.406	0.035534	1.996378
0.407	0.035248	2.007414
0.408	0.034966	2.018395
0.409	0.034695	2.029320
0.410	0.034433	2.040190
0.411	0.034176	2.051009
0.412	0.033931	2.061776
0.413	0.033688	2.072492
0.414	0.033454	2.083160
0.415	0.033225	2.093779
0.416	0.033005	2.104352
0.417	0.032791	2.114878
0.418	0.032580	2.125360
0.419	0.032378	2.135798
0.420	0.032182	2.146193
0.421	0.031989	2.156545
0.422	0.031802	2.166857
0.423	0.031622	2.177128
0.424	0.031444	2.187359
0.425	0.031273	2.197552
0.426	0.031109	2.207706
0.427	0.030943	2.217824
0.428	0.030789	2.227905
0.429	0.030634	2.237950
0.430	0.030485	2.247961
0.431	0.030340	2.257936
0.432	0.030202	2.267879
0.433	0.030064	2.277788
0.434	0.029933	2.287664
0.435	0.029801	2.297509
0.436	0.029677	2.307322
0.437	0.029556	2.317105
0.438	0.029435	2.326857
0.439	0.029321	2.336581
0.440	0.029207	2.346275
0.441	0.029101	2.355940
0.442	0.028994	2.365577
0.443	0.028891	2.375187
0.444	0.028792	2.384770
0.445	0.028692	2.394326
0.446	0.028601	2.403856
0.447	0.028509	2.413360
0.448	0.028421	2.422839
0.449	0.028333	2.432293
0.450	0.028253	2.441723
0.451	0.028173	2.451128
0.452	0.028092	2.460510
0.453	0.028016	2.469869
0.454	0.027943	2.479204
0.455	0.027871	2.488518
0.456	0.027802	2.497809
0.457	0.027733	2.507078
0.458	0.027669	2.516325
0.459	0.027608	2.525552
0.460	0.027544	2.534758
0.461	0.027487	2.543943
0.462	0.027431	2.553108
0.463	0.027374	2.562253
0.464	0.027322	2.571379
0.465	0.027270	2.580485
0.466	0.027221	2.589572
0.467	0.027173	2.598641
0.468	0.027129	2.607691
0.469	0.027085	2.616723
0.470	0.027041	2.625737
0.471	0.027002	2.634733
0.472	0.026962	2.643712
0.473	0.026922	2.652674
0.474	0.026887	2.661618
0.475	0.026851	2.670547
0.476	0.026820	2.679458
0.477	0.026789	2.688354
0.478	0.026758	2.697233
0.479	0.026726	2.706097
0.480	0.026700	2.714945
0.481	0.026677	2.723778
0.482	0.026650	2.732595
0.483	0.026628	2.741397
0.484	0.026606	2.750185
0.485	0.026583	2.758959
0.486	0.026565	2.767718
0.487	0.026547	2.776462
0.488	0.026529	2.785193
0.489	0.026511	2.793910
0.490	0.026498	2.802613
0.491	0.026484	2.811302
0.492	0.026471	2.819979
0.493	0.026457	2.828642
0.494	0.026448	2.837293
0.495	0.026439	2.845930
0.496	0.026430	2.854555
0.497	0.026421	2.863167
0.498	0.026421	2.871767
0.499	0.026412	2.880355
0.500	0.026403	2.888931
0.501	0.026403	2.897495
0.502	0.026403	2.906047
0.503	0.026403	2.914587
0.504	0.026394	2.923116
0.505	0.026394	2.931634
0.506	0.026394	2.940140
0.507	0.026403	2.948636
0.508	0.026403	2.957120
0.509	0.026403	2.965594
0.510	0.026412	2.974056
0.511	0.026421	2.982509
0.512	0.026421	2.990951
0.513	0.026430	2.999382
0.514	0.026439	3.007804
0.515	0.026448	3.016215
0.516	0.026457	3.024616
0.517	0.026466	3.033008
0.518	0.026475	3.041389
0.519	0.026484	3.049761
0.520	0.026502	3.058124
0.521	0.026511	3.066476
0.522	0.026529	3.074820
0.523	0.026538	3.083154
0.524	0.026556	3.091479
0.525	0.026574	3.099795
0.526	0.026592	3.108103
0.527	0.026610	3.116401
0.528	0.026628	3.124690
0.529	0.026646	3.132971
0.530	0.026664	3.141243
0.531	0.026682	3.149507
0.532	0.026700	3.157762
0.533	0.026726	3.166009
0.534	0.026744	3.174248
0.535	0.026762	3.182479
0.536	0.026789	3.190701
0.537	0.026815	3.198915
0.538	0.026842	3.207122
0.539	0.026860	3.215321
0.540	0.026887	3.223512
0.541	0.026913	3.231695
0.542	0.026940	3.239871
0.543	0.026966	3.248039
0.544	0.026993	3.256200
0.545	0.027019	3.264354
0.546	0.027054	3.272500
0.547	0.027081	3.280638
0.548	0.027107	3.288770
0.549	0.027142	3.296895
0.550	0.027169	3.305012
0.551	0.027195	3.313123
0.552	0.027230	3.321227
0.553	0.027265	3.329324
0.554	0.027291	3.337414
0.555	0.027326	3.345497
0.556	0.027361	3.353574
0.557	0.027396	3.361644
0.558	0.027431	3.369708
0.559	0.027466	3.377765
0.560	0.027500	3.385816
0.561	0.027535	3.393861
0.562	0.027578	3.401899
0.563	0.027613	3.409930
0.564	0.027647	3.417956
0.565	0.027682	3.425976
0.566	0.027725	3.433990
0.567	0.027759	3.441997
0.568	0.027802	3.449999
0.569	0.027845	3.457995
0.570	0.027879	3.465984
0.571	0.027922	3.473969
0.572	0.027964	3.481947
0.573	0.027999	3.489920
0.574	0.028041	3.497887
0.575	0.028084	3.505848
0.576	0.028126	3.513805
0.577	0.028168	3.521755
0.578	0.028211	3.529700
0.579	0.028261	3.537639
0.580	0.028295	3.545573
0.581	0.028346	3.553502
0.582	0.028388	3.561426
0.583	0.028430	3.569345
0.584	0.028480	3.577258
0.585	0.028530	3.585166
0.586	0.028572	3.593069
0.587	0.028613	3.600967
0.588	0.028663	3.608860
0.589	0.028713	3.616748
0.590	0.028755	3.624631
0.591	0.028804	3.632509
0.592	0.028854	3.640383
0.593	0.028904	3.648251
0.594	0.028953	3.656115
0.595	0.029002	3.663974
0.596	0.029052	3.671828
0.597	0.029101	3.679678
0.598	0.029150	3.687523
0.599	0.029199	3.695363
0.600	0.029248	3.703200
0.601	0.029305	3.711031
0.602	0.029354	3.718858
0.603	0.029402	3.726681
0.604	0.029459	3.734499
0.605	0.029508	3.742312
0.606	0.029564	3.750122
0.607	0.029613	3.757927
0.608	0.029669	3.765728
0.609	0.029725	3.773524
0.610	0.029773	3.781317
0.611	0.029829	3.789105
0.612	0.029885	3.796889
0.613	0.029941	3.804669
0.614	0.029997	3.812445
0.615	0.030044	3.820217
0.616	0.030108	3.827985
0.617	0.030163	3.835748
0.618	0.030218	3.843508
0.619	0.030273	3.851264
0.620	0.030329	3.859017
0.621	0.030383	3.866765
0.622	0.030446	3.874509
0.623	0.030501	3.882250
0.624	0.030563	3.889987
0.625	0.030618	3.897720
0.626	0.030680	3.905449
0.627	0.030735	3.913175
0.628	0.030797	3.920897
0.629	0.030851	3.928615
0.630	0.030912	3.936330
0.631	0.030974	3.944041
0.632	0.031036	3.951748
0.633	0.031097	3.959452
0.634	0.031151	3.967152
0.635	0.031219	3.974850
0.636	0.031281	3.982543
0.637	0.031334	3.990233
0.638	0.031402	3.997920
0.639	0.031463	4.005603
0.640	0.031523	4.013283
0.641	0.031584	4.020959
0.642	0.031644	4.028633
0.643	0.031704	4.036303
0.644	0.031780	4.043969
0.645	0.031840	4.051632
0.646	0.031899	4.059292
0.647	0.031959	4.066949
0.648	0.032034	4.074603
0.649	0.032093	4.082254
0.650	0.032152	4.089901
0.651	0.032227	4.097546
0.652	0.032300	4.105187
0.653	0.032359	4.112825
0.654	0.032418	4.120460
0.655	0.032492	4.128092
0.656	0.032550	4.135721
0.657	0.032624	4.143347
0.658	0.032682	4.150970
0.659	0.032755	4.158590
0.660	0.032813	4.166207
0.661	0.032886	4.173821
0.662	0.032958	4.181433
0.663	0.033030	4.189041
0.664	0.033088	4.196646
0.665	0.033160	4.204249
0.666	0.033232	4.211849
0.667	0.033289	4.219446
0.668	0.033361	4.227040
0.669	0.033432	4.234632
0.670	0.033503	4.242220
0.671	0.033574	4.249806
0.672	0.033645	4.257389
0.673	0.033716	4.264970
0.674	0.033787	4.272547
0.675	0.033857	4.280123
0.676	0.033928	4.287695
0.677	0.033998	4.295265
0.678	0.034068	4.302832
0.679	0.034138	4.310397
0.680	0.034208	4.317959
0.681	0.034277	4.325519
0.682	0.034347	4.333076
0.683	0.034430	4.340631
0.684	0.034499	4.348182
0.685	0.034568	4.355731
0.686	0.034637	4.363278
0.687	0.034720	4.370823
0.688	0.034788	4.378365
0.689	0.034857	4.385904
0.690	0.034939	4.393441
0.691	0.035007	4.400976
0.692	0.035075	4.408508
0.693	0.035156	4.416038
0.694	0.035238	4.423566
0.695	0.035305	4.431090
0.696	0.035373	4.438613
0.697	0.035453	4.446134
0.698	0.035534	4.453652
0.699	0.035601	4.461168
0.700	0.035681	4.468682
0.701	0.035761	4.476193
0.702	0.035828	4.483702
0.703	0.035908	4.491209
0.704	0.035987	4.498713
0.705	0.036067	4.506216
0.706	0.036146	4.513716
0.707	0.036212	4.521214
0.708	0.036291	4.528709
0.709	0.036370	4.536203
0.710	0.036448	4.543694
0.711	0.036527	4.551184
0.712	0.036605	4.558671
0.713	0.036683	4.566155
0.714	0.036761	4.573638
0.715	0.036839	4.581119
0.716	0.036916	4.588598
0.717	0.036994	4.596075
0.718	0.037071	4.603549
0.719	0.037148	4.611022
0.720	0.037238	4.618493
0.721	0.037314	4.625961
0.722	0.037391	4.633427
0.723	0.037467	4.640892
0.724	0.037556	4.648354
0.725	0.037633	4.655815
0.726	0.037708	4.663273
0.727	0.037797	4.670730
0.728	0.037873	4.678185
0.729	0.037961	4.685637
0.730	0.038036	4.693088
0.731	0.038123	4.700536
0.732	0.038198	4.707983
0.733	0.038286	4.715428
0.734	0.038373	4.722872
0.735	0.038447	4.730313
0.736	0.038522	4.737752
0.737	0.038608	4.745190
0.738	0.038695	4.752625
0.739	0.038781	4.760059
0.740	0.038867	4.767492
0.741	0.038940	4.774922
0.742	0.039026	4.782350
0.743	0.039111	4.789776
0.744	0.039197	4.797202
0.745	0.039269	4.804625
0.746	0.039366	4.812046
0.747	0.039451	4.819466
0.748	0.039536	4.826884
0.749	0.039620	4.834300
0.750	0.039704	4.841714
0.751	0.039788	4.849126
0.752	0.039872	4.856537
0.753	0.039956	4.863946
0.754	0.040039	4.871354
0.755	0.040134	4.878760
0.756	0.040205	4.886165
0.757	0.040300	4.893567
0.758	0.040383	4.900968
0.759	0.040477	4.908367
0.760	0.040560	4.915765
0.761	0.040642	4.923160
0.762	0.040736	4.930555
0.763	0.040818	4.937947
0.764	0.040899	4.945338
0.765	0.040992	4.952728
0.766	0.041085	4.960116
0.767	0.041166	4.967502
0.768	0.041259	4.974887
0.769	0.041340	4.982270
0.770	0.041432	4.989652
0.771	0.041524	4.997032
0.772	0.041616	5.004410
0.773	0.041696	5.011787
0.774	0.041787	5.019163
0.775	0.041878	5.026537
0.776	0.041969	5.033909
0.777	0.042049	5.041280
0.778	0.042140	5.048650
0.779	0.042230	5.056017
0.780	0.042320	5.063384
0.781	0.042410	5.070749
0.782	0.042500	5.078113
0.783	0.042601	5.085475
0.784	0.042690	5.092835
0.785	0.042769	5.100194
0.786	0.042869	5.107553
0.787	0.042958	5.114909
0.788	0.043046	5.122263
0.789	0.043135	5.129617
0.790	0.043234	5.136970
0.791	0.043322	5.144320
0.792	0.043410	5.151669
0.793	0.043509	5.159017
0.794	0.043597	5.166363
0.795	0.043684	5.173709
0.796	0.043782	5.181052
0.797	0.043880	5.188395
0.798	0.043967	5.195736
0.799	0.044065	5.203076
0.800	0.044151	5.210413
0.801	0.044248	5.217751
0.802	0.044334	5.225087
0.803	0.044431	5.232421
0.804	0.044527	5.239754
0.805	0.044613	5.247086
0.806	0.044709	5.254416
0.807	0.044805	5.261745
0.808	0.044901	5.269073
0.809	0.044996	5.276400
0.810	0.045091	5.283725
0.811	0.045186	5.291049
0.812	0.045281	5.298372
0.813	0.045376	5.305693
0.814	0.045470	5.313014
0.815	0.045565	5.320333
0.816	0.045669	5.327651
0.817	0.045763	5.334967
0.818	0.045857	5.342282
0.819	0.045950	5.349596
0.820	0.046044	5.356908
0.821	0.046147	5.364221
0.822	0.046240	5.371531
0.823	0.046333	5.378839
0.824	0.046436	5.386148
0.825	0.046528	5.393455
0.826	0.046630	5.400760
0.827	0.046722	5.408064
0.828	0.046824	5.415368
0.829	0.046926	5.422669
0.830	0.047017	5.429971
0.831	0.047119	5.437271
0.832	0.047210	5.444569
0.833	0.047310	5.451866
0.834	0.047411	5.459163
0.835	0.047512	5.466458
0.836	0.047612	5.473752
0.837	0.047712	5.481045
0.838	0.047812	5.488337
0.839	0.047901	5.495627
0.840	0.048001	5.502916
0.841	0.048100	5.510205
0.842	0.048199	5.517492
0.843	0.048308	5.524778
0.844	0.048406	5.532063
0.845	0.048505	5.539347
0.846	0.048603	5.546630
0.847	0.048701	5.553912
0.848	0.048799	5.561193
0.849	0.048896	5.568472
0.850	0.049004	5.575751
0.851	0.049101	5.583029
0.852	0.049208	5.590305
0.853	0.049304	5.597580
0.854	0.049411	5.604855
0.855	0.049507	5.612129
0.856	0.049613	5.619401
0.857	0.049718	5.626672
0.858	0.049814	5.633942
0.859	0.049919	5.641211
0.860	0.050015	5.648480
0.861	0.050120	5.655747
0.862	0.050234	5.663013
0.863	0.050329	5.670278
0.864	0.050423	5.677542
0.865	0.050537	5.684805
0.866	0.050631	5.692068
0.867	0.050744	5.699329
0.868	0.050838	5.706588
0.869	0.050950	5.713848
0.870	0.051043	5.721106
0.871	0.051155	5.728364
0.872	0.051267	5.735619
0.873	0.051360	5.742875
0.874	0.051453	5.750129
0.875	0.051564	5.757382
0.876	0.051675	5.764634
0.877	0.051785	5.771886
0.878	0.051896	5.779137
0.879	0.051988	5.786386
0.880	0.052098	5.793635
0.881	0.052207	5.800882
0.882	0.052299	5.808129
0.883	0.052408	5.815375
0.884	0.052517	5.822620
0.885	0.052626	5.829864
0.886	0.052716	5.837107
0.887	0.052825	5.844349
0.888	0.052933	5.851590
0.889	0.053041	5.858831
0.890	0.053149	5.866070
0.891	0.053256	5.873309
0.892	0.053364	5.880547
0.893	0.053471	5.887783
0.894	0.053578	5.895019
0.895	0.053684	5.902254
0.896	0.053791	5.909488
0.897	0.053897	5.916721
0.898	0.054003	5.923954
0.899	0.054127	5.931185
0.900	0.054215	5.938416
