0.300 1.4743 1.1546
0.301 1.4557 1.1584
0.302 1.4372 1.1621
0.303 1.4186 1.1659
0.304 1.4001 1.1696
0.305 1.3815 1.1734
0.306 1.3630 1.1771
0.307 1.3444 1.1809
0.308 1.3259 1.1846
0.309 1.3073 1.1884
0.310 1.2889 1.1924
0.311 1.2752 1.2014
0.312 1.2614 1.2105
0.313 1.2476 1.2196
0.314 1.2339 1.2287
0.315 1.2201 1.2377
0.316 1.2063 1.2468
0.317 1.1926 1.2559
0.318 1.1788 1.2649
0.319 1.1650 1.2740
0.320 1.1513 1.2831
0.321 1.1375 1.2922
0.322 1.1237 1.3012
0.323 1.1100 1.3103
0.324 1.0962 1.3194
0.325 1.0824 1.3285
0.326 1.0687 1.3375
0.327 1.0549 1.3466
0.328 1.0411 1.3557
0.329 1.0274 1.3648
0.330 1.0136 1.3738
0.331 1.0015 1.3838
0.332 0.99231 1.3953
0.333 0.98309 1.4067
0.334 0.97386 1.4182
0.335 0.96463 1.4297
0.336 0.95541 1.4411
0.337 0.94618 1.4526
0.338 0.93695 1.4641
0.339 0.92773 1.4755
0.340 0.91850 1.4870
0.341 0.90927 1.4985
0.342 0.90005 1.5099
0.343 0.89082 1.5214
0.344 0.88159 1.5329
0.345 0.87236 1.5443
0.346 0.86314 1.5558
0.347 0.85391 1.5673
0.348 0.84468 1.5787
0.349 0.83546 1.5902
0.350 0.82623 1.6017
0.351 0.81700 1.6131
0.352 0.80778 1.6246
0.353 0.79855 1.6361
0.354 0.78932 1.6475
0.355 0.78276 1.6592
0.356 0.77704 1.6710
0.357 0.77133 1.6828
0.358 0.76561 1.6946
0.359 0.75989 1.7064
0.360 0.75417 1.7182
0.361 0.74845 1.7299
0.362 0.74274 1.7417
0.363 0.73702 1.7535
0.364 0.73130 1.7653
0.365 0.72558 1.7771
0.366 0.71987 1.7889
0.367 0.71415 1.8007
0.368 0.70843 1.8124
0.369 0.70271 1.8242
0.370 0.69700 1.8360
0.371 0.69128 1.8478
0.372 0.68556 1.8596
0.373 0.67984 1.8714
0.374 0.67413 1.8831
0.375 0.66841 1.8949
0.376 0.66269 1.9067
0.377 0.65697 1.9185
0.378 0.65125 1.9303
0.379 0.64554 1.9421
0.380 0.63982 1.9538
0.381 0.63410 1.9656
0.382 0.62951 1.9771
0.383 0.62600 1.9884
0.384 0.62250 1.9997
0.385 0.61899 2.0110
0.386 0.61548 2.0222
0.387 0.61197 2.0335
0.388 0.60847 2.0448
0.389 0.60496 2.0561
0.390 0.60145 2.0673
0.391 0.59795 2.0786
0.392 0.59444 2.0899
0.393 0.59093 2.1012
0.394 0.58742 2.1124
0.395 0.58392 2.1237
0.396 0.58041 2.1350
0.397 0.57690 2.1463
0.398 0.57339 2.1575
0.399 0.56989 2.1688
0.400 0.56638 2.1801
0.401 0.56287 2.1913
0.402 0.55937 2.2026
0.403 0.55586 2.2139
0.404 0.55235 2.2252
0.405 0.54884 2.2364
0.406 0.54534 2.2477
0.407 0.54183 2.2590
0.408 0.53832 2.2703
0.409 0.53481 2.2815
0.410 0.53131 2.2928
0.411 0.52780 2.3041
0.412 0.52429 2.3154
0.413 0.52079 2.3266
0.414 0.51823 2.3374
0.415 0.51606 2.3480
0.416 0.51388 2.3587
0.417 0.51170 2.3693
0.418 0.50953 2.3799
0.419 0.50735 2.3905
0.420 0.50517 2.4011
0.421 0.50299 2.4117
0.422 0.50082 2.4223
0.423 0.49864 2.4329
0.424 0.49646 2.4435
0.425 0.49429 2.4542
0.426 0.49211 2.4648
0.427 0.48993 2.4754
0.428 0.48775 2.4860
0.429 0.48558 2.4966
0.430 0.48340 2.5072
0.431 0.48122 2.5178
0.432 0.47904 2.5284
0.433 0.47687 2.5391
0.434 0.47469 2.5497
0.435 0.47251 2.5603
0.436 0.47034 2.5709
0.437 0.46816 2.5815
0.438 0.46598 2.5921
0.439 0.46380 2.6027
0.440 0.46163 2.6133
0.441 0.45945 2.6240
0.442 0.45727 2.6346
0.443 0.45510 2.6452
0.444 0.45292 2.6558
0.445 0.45074 2.6664
0.446 0.44856 2.6770
0.447 0.44639 2.6876
0.448 0.44421 2.6982
0.449 0.44203 2.7088
0.450 0.43985 2.7195
0.451 0.43780 2.7300
0.452 0.43645 2.7400
0.453 0.43509 2.7501
0.454 0.43374 2.7601
0.455 0.43239 2.7702
0.456 0.43103 2.7802
0.457 0.42968 2.7903
0.458 0.42833 2.8003
0.459 0.42698 2.8104
0.460 0.42562 2.8204
0.461 0.42427 2.8305
0.462 0.42292 2.8405
0.463 0.42156 2.8506
0.464 0.42021 2.8606
0.465 0.41886 2.8707
0.466 0.41750 2.8807
0.467 0.41615 2.8908
0.468 0.41480 2.9008
0.469 0.41345 2.9108
0.470 0.41209 2.9209
0.471 0.41074 2.9309
0.472 0.40939 2.9410
0.473 0.40803 2.9510
0.474 0.40668 2.9611
0.475 0.40533 2.9711
0.476 0.40397 2.9812
0.477 0.40262 2.9912
0.478 0.40127 3.0013
0.479 0.39992 3.0113
0.480 0.39856 3.0214
0.481 0.39721 3.0314
0.482 0.39586 3.0415
0.483 0.39450 3.0515
0.484 0.39315 3.0616
0.485 0.39180 3.0716
0.486 0.39044 3.0817
0.487 0.38909 3.0917
0.488 0.38774 3.1018
0.489 0.38639 3.1118
0.490 0.38503 3.1218
0.491 0.38368 3.1319
0.492 0.38233 3.1419
0.493 0.38097 3.1520
0.494 0.37962 3.1620
0.495 0.37827 3.1721
0.496 0.37695 3.1821
0.497 0.37614 3.1917
0.498 0.37533 3.2013
0.499 0.37453 3.2108
0.500 0.37372 3.2204
0.501 0.37291 3.2300
0.502 0.37210 3.2396
0.503 0.37130 3.2492
0.504 0.37049 3.2588
0.505 0.36968 3.2683
0.506 0.36887 3.2779
0.507 0.36807 3.2875
0.508 0.36726 3.2971
0.509 0.36645 3.3067
0.510 0.36564 3.3163
0.511 0.36484 3.3258
0.512 0.36403 3.3354
0.513 0.36322 3.3450
0.514 0.36241 3.3546
0.515 0.36161 3.3642
0.516 0.36080 3.3737
0.517 0.35999 3.3833
0.518 0.35918 3.3929
0.519 0.35838 3.4025
0.520 0.35757 3.4121
0.521 0.35676 3.4217
0.522 0.35595 3.4312
0.523 0.35514 3.4408
0.524 0.35434 3.4504
0.525 0.35353 3.4600
0.526 0.35272 3.4696
0.527 0.35191 3.4791
0.528 0.35111 3.4887
0.529 0.35030 3.4983
0.530 0.34949 3.5079
0.531 0.34868 3.5175
0.532 0.34788 3.5271
0.533 0.34707 3.5366
0.534 0.34626 3.5462
0.535 0.34545 3.5558
0.536 0.34465 3.5654
0.537 0.34384 3.5750
0.538 0.34303 3.5845
0.539 0.34222 3.5941
0.540 0.34142 3.6037
0.541 0.34061 3.6133
0.542 0.33980 3.6229
0.543 0.33899 3.6325
0.544 0.33819 3.6420
0.545 0.33738 3.6516
0.546 0.33657 3.6612
0.547 0.33576 3.6708
0.548 0.33496 3.6804
0.549 0.33415 3.6899
0.550 0.33334 3.6995
0.551 0.33253 3.7091
0.552 0.33208 3.7183
0.553 0.33165 3.7275
0.554 0.33122 3.7367
0.555 0.33078 3.7460
0.556 0.33035 3.7552
0.557 0.32991 3.7644
0.558 0.32948 3.7736
0.559 0.32905 3.7828
0.560 0.32861 3.7920
0.561 0.32818 3.8012
0.562 0.32774 3.8104
0.563 0.32731 3.8196
0.564 0.32687 3.8288
0.565 0.32644 3.8380
0.566 0.32601 3.8472
0.567 0.32557 3.8564
0.568 0.32514 3.8656
0.569 0.32470 3.8749
0.570 0.32427 3.8841
0.571 0.32384 3.8933
0.572 0.32340 3.9025
0.573 0.32297 3.9117
0.574 0.32253 3.9209
0.575 0.32210 3.9301
0.576 0.32167 3.9393
0.577 0.32123 3.9485
0.578 0.32080 3.9577
0.579 0.32036 3.9669
0.580 0.31993 3.9761
0.581 0.31950 3.9853
0.582 0.31906 3.9945
0.583 0.31863 4.0038
0.584 0.31819 4.0130
0.585 0.31776 4.0222
0.586 0.31732 4.0314
0.587 0.31689 4.0406
0.588 0.31646 4.0498
0.589 0.31602 4.0590
0.590 0.31559 4.0682
0.591 0.31515 4.0774
0.592 0.31472 4.0866
0.593 0.31429 4.0958
0.594 0.31385 4.1050
0.595 0.31342 4.1142
0.596 0.31298 4.1235
0.597 0.31255 4.1327
0.598 0.31212 4.1419
0.599 0.31168 4.1511
0.600 0.31125 4.1603
0.601 0.31081 4.1695
0.602 0.31038 4.1787
0.603 0.30995 4.1879
0.604 0.30951 4.1971
0.605 0.30908 4.2063
0.606 0.30864 4.2155
0.607 0.30821 4.2247
0.608 0.30777 4.2339
0.609 0.30734 4.2431
0.610 0.30691 4.2524
0.611 0.30647 4.2616
0.612 0.30604 4.2708
0.613 0.30560 4.2800
0.614 0.30517 4.2892
0.615 0.30474 4.2984
0.616 0.30430 4.3076
0.617 0.30387 4.3168
0.618 0.30343 4.3260
0.619 0.30300 4.3352
0.620 0.30259 4.3444
0.621 0.30243 4.3533
0.622 0.30226 4.3622
0.623 0.30210 4.3711
0.624 0.30194 4.3800
0.625 0.30178 4.3889
0.626 0.30162 4.3978
0.627 0.30146 4.4067
0.628 0.30130 4.4156
0.629 0.30113 4.4245
0.630 0.30097 4.4334
0.631 0.30081 4.4423
0.632 0.30065 4.4512
0.633 0.30049 4.4601
0.634 0.30033 4.4691
0.635 0.30017 4.4780
0.636 0.30000 4.4869
0.637 0.29984 4.4958
0.638 0.29968 4.5047
0.639 0.29952 4.5136
0.640 0.29936 4.5225
0.641 0.29920 4.5314
0.642 0.29903 4.5403
0.643 0.29887 4.5492
0.644 0.29871 4.5581
0.645 0.29855 4.5670
0.646 0.29839 4.5759
0.647 0.29823 4.5848
0.648 0.29807 4.5937
0.649 0.29790 4.6026
0.650 0.29774 4.6115
0.651 0.29758 4.6204
0.652 0.29742 4.6293
0.653 0.29726 4.6382
0.654 0.29710 4.6471
0.655 0.29694 4.6560
0.656 0.29677 4.6649
0.657 0.29661 4.6738
0.658 0.29645 4.6827
0.659 0.29629 4.6916
0.660 0.29613 4.7005
0.661 0.29597 4.7094
0.662 0.29581 4.7184
0.663 0.29564 4.7273
0.664 0.29548 4.7362
0.665 0.29532 4.7451
0.666 0.29516 4.7540
0.667 0.29500 4.7629
0.668 0.29484 4.7718
0.669 0.29468 4.7807
0.670 0.29451 4.7896
0.671 0.29435 4.7985
0.672 0.29419 4.8074
0.673 0.29403 4.8163
0.674 0.29387 4.8252
0.675 0.29371 4.8341
0.676 0.29354 4.8430
0.677 0.29338 4.8519
0.678 0.29322 4.8608
0.679 0.29306 4.8697
0.680 0.29290 4.8786
0.681 0.29274 4.8875
0.682 0.29258 4.8964
0.683 0.29241 4.9053
0.684 0.29225 4.9142
0.685 0.29209 4.9231
0.686 0.29193 4.9320
0.687 0.29177 4.9409
0.688 0.29161 4.9498
0.689 0.29145 4.9587
0.690 0.29128 4.9677
0.691 0.29112 4.9766
0.692 0.29096 4.9855
0.693 0.29080 4.9944
0.694 0.29064 5.0033
0.695 0.29048 5.0122
0.696 0.29032 5.0211
0.697 0.29015 5.0300
0.698 0.28999 5.0389
0.699 0.28983 5.0478
0.700 0.28967 5.0567
0.701 0.28951 5.0656
0.702 0.28935 5.0745
0.703 0.28919 5.0834
0.704 0.28902 5.0923
0.705 0.28886 5.1012
0.706 0.28870 5.1101
0.707 0.28854 5.1190
0.708 0.28838 5.1279
0.709 0.28832 5.1367
0.710 0.28837 5.1453
0.711 0.28842 5.1540
0.712 0.28847 5.1627
0.713 0.28851 5.1713
0.714 0.28856 5.1800
0.715 0.28861 5.1886
0.716 0.28866 5.1973
0.717 0.28870 5.2059
0.718 0.28875 5.2146
0.719 0.28880 5.2232
0.720 0.28885 5.2319
0.721 0.28889 5.2405
0.722 0.28894 5.2492
0.723 0.28899 5.2579
0.724 0.28904 5.2665
0.725 0.28908 5.2752
0.726 0.28913 5.2838
0.727 0.28918 5.2925
0.728 0.28923 5.3011
0.729 0.28927 5.3098
0.730 0.28932 5.3184
0.731 0.28937 5.3271
0.732 0.28942 5.3357
0.733 0.28946 5.3444
0.734 0.28951 5.3530
0.735 0.28956 5.3617
0.736 0.28961 5.3704
0.737 0.28965 5.3790
0.738 0.28970 5.3877
0.739 0.28975 5.3963
0.740 0.28979 5.4050
0.741 0.28984 5.4136
0.742 0.28989 5.4223
0.743 0.28994 5.4309
0.744 0.28998 5.4396
0.745 0.29003 5.4482
0.746 0.29008 5.4569
0.747 0.29013 5.4656
0.748 0.29017 5.4742
0.749 0.29022 5.4829
0.750 0.29027 5.4915
0.751 0.29032 5.5002
0.752 0.29036 5.5088
0.753 0.29041 5.5175
0.754 0.29046 5.5261
0.755 0.29051 5.5348
0.756 0.29055 5.5434
0.757 0.29060 5.5521
0.758 0.29065 5.5608
0.759 0.29070 5.5694
0.760 0.29074 5.5781
0.761 0.29079 5.5867
0.762 0.29084 5.5954
0.763 0.29089 5.6040
0.764 0.29093 5.6127
0.765 0.29098 5.6213
0.766 0.29103 5.6300
0.767 0.29108 5.6386
0.768 0.29112 5.6473
0.769 0.29117 5.6559
0.770 0.29122 5.6646
0.771 0.29126 5.6733
0.772 0.29131 5.6819
0.773 0.29136 5.6906
0.774 0.29141 5.6992
0.775 0.29145 5.7079
0.776 0.29150 5.7165
0.777 0.29155 5.7252
0.778 0.29160 5.7338
0.779 0.29164 5.7425
0.780 0.29169 5.7511
0.781 0.29174 5.7598
0.782 0.29179 5.7685
0.783 0.29183 5.7771
0.784 0.29188 5.7858
0.785 0.29193 5.7944
0.786 0.29198 5.8031
0.787 0.29202 5.8117
0.788 0.29207 5.8204
0.789 0.29212 5.8290
0.790 0.29217 5.8377
0.791 0.29221 5.8463
0.792 0.29226 5.8550
0.793 0.29231 5.8637
0.794 0.29236 5.8723
0.795 0.29240 5.8810
0.796 0.29245 5.8896
0.797 0.29250 5.8983
0.798 0.29255 5.9069
0.799 0.29259 5.9156
0.800 0.29264 5.9242
0.801 0.29269 5.9329
0.802 0.29274 5.9415
0.803 0.29278 5.9502
0.804 0.29283 5.9589
0.805 0.29288 5.9675
0.806 0.29292 5.9762
0.807 0.29297 5.9848
0.808 0.29302 5.9935
0.809 0.29307 6.0021
0.810 0.29311 6.0108
0.811 0.29316 6.0194
0.812 0.29321 6.0281
0.813 0.29326 6.0367
0.814 0.29330 6.0454
0.815 0.29335 6.0540
0.816 0.29340 6.0627
0.817 0.29345 6.0714
0.818 0.29349 6.0800
0.819 0.29354 6.0887
0.820 0.29359 6.0973
0.821 0.29364 6.1060
0.822 0.29368 6.1146
0.823 0.29373 6.1233
0.824 0.29378 6.1319
0.825 0.29383 6.1406
0.826 0.29387 6.1492
0.827 0.29400 6.1578
0.828 0.29422 6.1663
0.829 0.29444 6.1747
0.830 0.29466 6.1832
0.831 0.29488 6.1916
0.832 0.29510 6.2001
0.833 0.29532 6.2085
0.834 0.29554 6.2170
0.835 0.29576 6.2254
0.836 0.29598 6.2339
0.837 0.29620 6.2423
0.838 0.29643 6.2508
0.839 0.29665 6.2592
0.840 0.29687 6.2677
0.841 0.29709 6.2761
0.842 0.29731 6.2846
0.843 0.29753 6.2930
0.844 0.29775 6.3015
0.845 0.29797 6.3099
0.846 0.29819 6.3184
0.847 0.29841 6.3268
0.848 0.29863 6.3353
0.849 0.29885 6.3437
0.850 0.29908 6.3522
0.851 0.29930 6.3606
0.852 0.29952 6.3691
0.853 0.29974 6.3775
0.854 0.29996 6.3860
0.855 0.30018 6.3944
0.856 0.30040 6.4029
0.857 0.30062 6.4113
0.858 0.30084 6.4198
0.859 0.30106 6.4282
0.860 0.30128 6.4367
0.861 0.30150 6.4451
0.862 0.30172 6.4536
0.863 0.30195 6.4620
0.864 0.30217 6.4705
0.865 0.30239 6.4789
0.866 0.30261 6.4874
0.867 0.30283 6.4958
0.868 0.30305 6.5043
0.869 0.30327 6.5127
0.870 0.30349 6.5212
0.871 0.30371 6.5296
0.872 0.30393 6.5381
0.873 0.30415 6.5465
0.874 0.30437 6.5550
0.875 0.30460 6.5634
0.876 0.30482 6.5719
0.877 0.30504 6.5803
0.878 0.30526 6.5888
0.879 0.30548 6.5972
0.880 0.30570 6.6057
0.881 0.30592 6.6141
0.882 0.30614 6.6226
0.883 0.30636 6.6310
0.884 0.30658 6.6395
0.885 0.30680 6.6479
0.886 0.30702 6.6564
0.887 0.30724 6.6648
0.888 0.30747 6.6733
0.889 0.30769 6.6817
0.890 0.30791 6.6902
0.891 0.30813 6.6986
0.892 0.30835 6.7071
0.893 0.30857 6.7155
0.894 0.30879 6.7240
0.895 0.30901 6.7324
0.896 0.30923 6.7409
0.897 0.30945 6.7493
0.898 0.30967 6.7578
0.899 0.30989 6.7662
0.900 0.31011 6.7747
