0.300	1.604678	1.924363
0.301	1.609578	1.925485
0.302	1.614440	1.926490
0.303	1.619262	1.927375
0.304	1.624040	1.928139
0.305	1.628772	1.928782
0.306	1.633453	1.929301
0.307	1.638081	1.929695
0.308	1.642651	1.929964
0.309	1.647159	1.930106
0.310	1.651600	1.930119
0.311	1.655971	1.930004
0.312	1.660267	1.929760
0.313	1.664483	1.929385
0.314	1.668613	1.928880
0.315	1.672652	1.928244
0.316	1.676594	1.927478
0.317	1.680434	1.926581
0.318	1.684165	1.925555
0.319	1.687782	1.924400
0.320	1.691277	1.923118
0.321	1.694645	1.921710
0.322	1.697877	1.920179
0.323	1.700967	1.918527
0.324	1.703908	1.916757
0.325	1.706693	1.914874
0.326	1.709314	1.912881
0.327	1.711764	1.910783
0.328	1.714035	1.908586
0.329	1.716122	1.906296
0.330	1.718016	1.903920
0.331	1.719711	1.901465
0.332	1.721200	1.898940
0.333	1.722479	1.896355
0.334	1.723540	1.893718
0.335	1.724380	1.891040
0.336	1.724994	1.888333
0.337	1.725379	1.885608
0.338	1.725532	1.882877
0.339	1.725453	1.880154
0.340	1.725139	1.877451
0.341	1.724592	1.874782
0.342	1.723814	1.872160
0.343	1.722807	1.869598
0.344	1.721576	1.867111
0.345	1.720126	1.864712
0.346	1.718463	1.862412
0.347	1.716595	1.860225
0.348	1.714532	1.858163
0.349	1.712282	1.856235
0.350	1.709856	1.854452
0.351	1.707266	1.852823
0.352	1.704525	1.851356
0.353	1.701644	1.850057
0.354	1.698638	1.848933
0.355	1.695520	1.847986
0.356	1.692303	1.847221
0.357	1.689001	1.846639
0.358	1.685629	1.846242
0.359	1.682198	1.846028
0.360	1.678723	1.845996
0.361	1.675215	1.846144
0.362	1.671688	1.846468
0.363	1.668152	1.846964
0.364	1.664618	1.847628
0.365	1.661098	1.848453
0.366	1.657599	1.849433
0.367	1.654132	1.850562
0.368	1.650703	1.851833
0.369	1.647322	1.853238
0.370	1.643993	1.854769
0.371	1.640724	1.856419
0.372	1.637520	1.858181
0.373	1.634384	1.860044
0.374	1.631322	1.862003
0.375	1.628336	1.864048
0.376	1.625430	1.866172
0.377	1.622606	1.868368
0.378	1.619865	1.870627
0.379	1.617210	1.872941
0.380	1.614642	1.875304
0.381	1.612160	1.877708
0.382	1.609766	1.880146
0.383	1.607458	1.882612
0.384	1.605238	1.885099
0.385	1.603105	1.887599
0.386	1.601056	1.890108
0.387	1.599093	1.892618
0.388	1.597213	1.895125
0.389	1.595415	1.897622
0.390	1.593698	1.900103
0.391	1.592059	1.902565
0.392	1.590497	1.905001
0.393	1.589011	1.907406
0.394	1.587597	1.909775
0.395	1.586254	1.912105
0.396	1.584980	1.914389
0.397	1.583772	1.916624
0.398	1.582627	1.918806
0.399	1.581544	1.920930
0.400	1.580520	1.922991
0.401	1.579552	1.924987
0.402	1.578637	1.926912
0.403	1.577773	1.928764
0.404	1.576957	1.930537
0.405	1.576186	1.932229
0.406	1.575457	1.933836
0.407	1.574767	1.935354
0.408	1.574112	1.936778
0.409	1.573491	1.938107
0.410	1.572898	1.939336
0.411	1.572332	1.940462
0.412	1.571789	1.941480
0.413	1.571264	1.942388
0.414	1.570754	1.943183
0.415	1.570256	1.943860
0.416	1.569766	1.944416
0.417	1.569279	1.944847
0.418	1.568792	1.945151
0.419	1.568299	1.945323
0.420	1.567797	1.945361
0.421	1.567280	1.945261
0.422	1.566744	1.945019
0.423	1.566184	1.944632
0.424	1.565594	1.944097
0.425	1.564969	1.943410
0.426	1.564303	1.942567
0.427	1.563589	1.941567
0.428	1.562821	1.940405
0.429	1.561993	1.939078
0.430	1.561097	1.937583
0.431	1.560127	1.935918
0.432	1.559074	1.934079
0.433	1.557930	1.932063
0.434	1.556686	1.929870
0.435	1.555334	1.927495
0.436	1.553864	1.924938
0.437	1.552267	1.922195
0.438	1.550532	1.919267
0.439	1.548649	1.916152
0.440	1.546605	1.912849
0.441	1.544390	1.909359
0.442	1.541992	1.905682
0.443	1.539397	1.901818
0.444	1.536593	1.897770
0.445	1.533567	1.893540
0.446	1.530304	1.889132
0.447	1.526791	1.884549
0.448	1.523012	1.879797
0.449	1.518955	1.874881
0.450	1.514602	1.869810
0.451	1.509941	1.864591
0.452	1.504956	1.859234
0.453	1.499632	1.853750
0.454	1.493955	1.848150
0.455	1.487912	1.842449
0.456	1.481488	1.836660
0.457	1.474671	1.830800
0.458	1.467450	1.824886
0.459	1.459811	1.818936
0.460	1.451747	1.812969
0.461	1.443248	1.807006
0.462	1.434306	1.801069
0.463	1.424916	1.795180
0.464	1.415072	1.789361
0.465	1.404773	1.783637
0.466	1.394015	1.778030
0.467	1.382799	1.772566
0.468	1.371127	1.767268
0.469	1.359003	1.762161
0.470	1.346432	1.757270
0.471	1.333419	1.752617
0.472	1.319973	1.748226
0.473	1.306104	1.744121
0.474	1.291823	1.740324
0.475	1.277141	1.736856
0.476	1.262074	1.733739
0.477	1.246634	1.730992
0.478	1.230839	1.728635
0.479	1.214706	1.726686
0.480	1.198253	1.725162
0.481	1.181498	1.724079
0.482	1.164461	1.723454
0.483	1.147165	1.723300
0.484	1.129630	1.723630
0.485	1.111878	1.724455
0.486	1.093933	1.725787
0.487	1.075819	1.727634
0.488	1.057559	1.730004
0.489	1.039179	1.732904
0.490	1.020704	1.736339
0.491	1.002159	1.740312
0.492	0.983571	1.744825
0.493	0.964965	1.749879
0.494	0.946366	1.755472
0.495	0.927801	1.761601
0.496	0.909295	1.768262
0.497	0.890875	1.775448
0.498	0.872562	1.783153
0.499	0.854383	1.791366
0.500	0.836360	1.800077
0.501	0.818515	1.809274
0.502	0.800871	1.818942
0.503	0.783446	1.829068
0.504	0.766260	1.839634
0.505	0.749330	1.850624
0.506	0.732673	1.862021
0.507	0.716304	1.873804
0.508	0.700234	1.885955
0.509	0.684475	1.898455
0.510	0.669040	1.911281
0.511	0.653934	1.924416
0.512	0.639167	1.937837
0.513	0.624742	1.951526
0.514	0.610665	1.965461
0.515	0.596939	1.979622
0.516	0.583565	1.993990
0.517	0.570543	2.008546
0.518	0.557872	2.023272
0.519	0.545552	2.038150
0.520	0.533578	2.053163
0.521	0.521947	2.068294
0.522	0.510656	2.083528
0.523	0.499698	2.098850
0.524	0.489069	2.114245
0.525	0.478762	2.129701
0.526	0.468770	2.145205
0.527	0.459086	2.160745
0.528	0.449704	2.176309
0.529	0.440614	2.191890
0.530	0.431811	2.207476
0.531	0.423285	2.223059
0.532	0.415029	2.238632
0.533	0.407035	2.254186
0.534	0.399296	2.269715
0.535	0.391802	2.285213
0.536	0.384547	2.300674
0.537	0.377522	2.316093
0.538	0.370719	2.331466
0.539	0.364132	2.346789
0.540	0.357754	2.362058
0.541	0.351575	2.377270
0.542	0.345591	2.392422
0.543	0.339794	2.407511
0.544	0.334177	2.422535
0.545	0.328734	2.437493
0.546	0.323459	2.452382
0.547	0.318345	2.467202
0.548	0.313388	2.481951
0.549	0.308581	2.496628
0.550	0.303918	2.511234
0.551	0.299396	2.525766
0.552	0.295008	2.540225
0.553	0.290750	2.554610
0.554	0.286617	2.568921
0.555	0.282604	2.583159
0.556	0.278708	2.597323
0.557	0.274924	2.611414
0.558	0.271248	2.625433
0.559	0.267677	2.639377
0.560	0.264205	2.653251
0.561	0.260831	2.667053
0.562	0.257551	2.680782
0.563	0.254361	2.694441
0.564	0.251259	2.708031
0.565	0.248240	2.721550
0.566	0.245303	2.735002
0.567	0.242445	2.748386
0.568	0.239663	2.761702
0.569	0.236954	2.774953
0.570	0.234316	2.788137
0.571	0.231747	2.801258
0.572	0.229244	2.814314
0.573	0.226805	2.827307
0.574	0.224428	2.840237
0.575	0.222112	2.853106
0.576	0.219852	2.865916
0.577	0.217650	2.878665
0.578	0.215502	2.891354
0.579	0.213406	2.903986
0.580	0.211363	2.916561
0.581	0.209368	2.929079
0.582	0.207422	2.941542
0.583	0.205522	2.953950
0.584	0.203667	2.966303
0.585	0.201856	2.978604
0.586	0.200088	2.990852
0.587	0.198360	3.003048
0.588	0.196673	3.015194
0.589	0.195024	3.027289
0.590	0.193414	3.039335
0.591	0.191839	3.051332
0.592	0.190301	3.063282
0.593	0.188796	3.075184
0.594	0.187326	3.087039
0.595	0.185888	3.098849
0.596	0.184482	3.110613
0.597	0.183107	3.122333
0.598	0.181761	3.134010
0.599	0.180446	3.145643
0.600	0.179159	3.157234
0.601	0.177899	3.168782
0.602	0.176666	3.180290
0.603	0.175458	3.191757
0.604	0.174277	3.203183
0.605	0.173122	3.214571
0.606	0.171990	3.225919
0.607	0.170880	3.237229
0.608	0.169796	3.248501
0.609	0.168732	3.259736
0.610	0.167692	3.270935
0.611	0.166672	3.282097
0.612	0.165673	3.293224
0.613	0.164695	3.304316
0.614	0.163735	3.315373
0.615	0.162796	3.326396
0.616	0.161875	3.337385
0.617	0.160973	3.348341
0.618	0.160089	3.359264
0.619	0.159223	3.370155
0.620	0.158372	3.381015
0.621	0.157540	3.391843
0.622	0.156724	3.402641
0.623	0.155923	3.413407
0.624	0.155138	3.424144
0.625	0.154369	3.434851
0.626	0.153615	3.445529
0.627	0.152875	3.456178
0.628	0.152150	3.466798
0.629	0.151438	3.477391
0.630	0.150741	3.487956
0.631	0.150056	3.498493
0.632	0.149384	3.509004
0.633	0.148725	3.519488
0.634	0.148079	3.529946
0.635	0.147446	3.540378
0.636	0.146824	3.550784
0.637	0.146214	3.561165
0.638	0.145616	3.571521
0.639	0.145029	3.581852
0.640	0.144452	3.592160
0.641	0.143886	3.602443
0.642	0.143332	3.612703
0.643	0.142787	3.622939
0.644	0.142253	3.633152
0.645	0.141731	3.643343
0.646	0.141215	3.653511
0.647	0.140711	3.663657
0.648	0.140216	3.673781
0.649	0.139730	3.683883
0.650	0.139253	3.693964
0.651	0.138785	3.704024
0.652	0.138328	3.714063
0.653	0.137875	3.724081
0.654	0.137434	3.734079
0.655	0.137001	3.744056
0.656	0.136574	3.754014
0.657	0.136158	3.763953
0.658	0.135747	3.773871
0.659	0.135345	3.783771
0.660	0.134949	3.793652
0.661	0.134562	3.803514
0.662	0.134182	3.813357
0.663	0.133810	3.823182
0.664	0.133443	3.832989
0.665	0.133085	3.842778
0.666	0.132732	3.852549
0.667	0.132386	3.862303
0.668	0.132049	3.872040
0.669	0.131715	3.881760
0.670	0.131390	3.891462
0.671	0.131069	3.901148
0.672	0.130755	3.910817
0.673	0.130447	3.920470
0.674	0.130145	3.930107
0.675	0.129850	3.939728
0.676	0.129559	3.949333
0.677	0.129274	3.958923
0.678	0.128995	3.968497
0.679	0.128721	3.978055
0.680	0.128452	3.987599
0.681	0.128190	3.997127
0.682	0.127933	4.006641
0.683	0.127680	4.016140
0.684	0.127433	4.025625
0.685	0.127190	4.035095
0.686	0.126953	4.044551
0.687	0.126716	4.053993
0.688	0.126490	4.063421
0.689	0.126264	4.072835
0.690	0.126048	4.082236
0.691	0.125833	4.091623
0.692	0.125624	4.100997
0.693	0.125419	4.110357
0.694	0.125213	4.119705
0.695	0.125015	4.129039
0.696	0.124824	4.138361
0.697	0.124637	4.147671
0.698	0.124453	4.156967
0.699	0.124269	4.166251
0.700	0.124096	4.175523
0.701	0.123920	4.184783
0.702	0.123754	4.194030
0.703	0.123588	4.203266
0.704	0.123426	4.212489
0.705	0.123268	4.221701
0.706	0.123117	4.230902
0.707	0.122965	4.240090
0.708	0.122818	4.249268
0.709	0.122674	4.258434
0.710	0.122534	4.267589
0.711	0.122398	4.276733
0.712	0.122265	4.285866
0.713	0.122137	4.294988
0.714	0.122008	4.304100
0.715	0.121887	4.313200
0.716	0.121765	4.322291
0.717	0.121648	4.331370
0.718	0.121534	4.340440
0.719	0.121424	4.349499
0.720	0.121318	4.358548
0.721	0.121212	4.367587
0.722	0.121110	4.376616
0.723	0.121011	4.385634
0.724	0.120916	4.394643
0.725	0.120822	4.403643
0.726	0.120731	4.412633
0.727	0.120644	4.421613
0.728	0.120557	4.430583
0.729	0.120478	4.439545
0.730	0.120399	4.448497
0.731	0.120319	4.457439
0.732	0.120248	4.466373
0.733	0.120173	4.475298
0.734	0.120105	4.484213
0.735	0.120038	4.493121
0.736	0.119974	4.502018
0.737	0.119915	4.510908
0.738	0.119855	4.519788
0.739	0.119799	4.528660
0.740	0.119743	4.537523
0.741	0.119692	4.546378
0.742	0.119640	4.555224
0.743	0.119592	4.564063
0.744	0.119548	4.572893
0.745	0.119508	4.581715
0.746	0.119464	4.590528
0.747	0.119424	4.599334
0.748	0.119389	4.608131
0.749	0.119357	4.616921
0.750	0.119325	4.625703
0.751	0.119293	4.634477
0.752	0.119265	4.643243
0.753	0.119241	4.652002
0.754	0.119217	4.660753
0.755	0.119197	4.669497
0.756	0.119177	4.678234
0.757	0.119157	4.686962
0.758	0.119141	4.695683
0.759	0.119129	4.704397
0.760	0.119117	4.713104
0.761	0.119105	4.721804
0.762	0.119097	4.730496
0.763	0.119093	4.739182
0.764	0.119085	4.747860
0.765	0.119085	4.756532
0.766	0.119081	4.765196
0.767	0.119085	4.773854
0.768	0.119085	4.782505
0.769	0.119093	4.791149
0.770	0.119097	4.799787
0.771	0.119105	4.808418
0.772	0.119117	4.817042
0.773	0.119125	4.825659
0.774	0.119137	4.834271
0.775	0.119153	4.842875
0.776	0.119169	4.851474
0.777	0.119185	4.860066
0.778	0.119205	4.868652
0.779	0.119225	4.877231
0.780	0.119249	4.885804
0.781	0.119273	4.894372
0.782	0.119297	4.902933
0.783	0.119325	4.911488
0.784	0.119353	4.920036
0.785	0.119385	4.928579
0.786	0.119412	4.937116
0.787	0.119448	4.945647
0.788	0.119484	4.954172
0.789	0.119516	4.962692
0.790	0.119556	4.971206
0.791	0.119596	4.979713
0.792	0.119636	4.988216
0.793	0.119676	4.996712
0.794	0.119720	5.005203
0.795	0.119763	5.013689
0.796	0.119807	5.022169
0.797	0.119855	5.030643
0.798	0.119903	5.039112
0.799	0.119954	5.047575
0.800	0.120006	5.056034
0.801	0.120058	5.064487
0.802	0.120109	5.072934
0.803	0.120165	5.081377
0.804	0.120220	5.089813
0.805	0.120280	5.098246
0.806	0.120335	5.106672
0.807	0.120399	5.115093
0.808	0.120458	5.123510
0.809	0.120521	5.131922
0.810	0.120585	5.140328
0.811	0.120648	5.148730
0.812	0.120715	5.157126
0.813	0.120782	5.165517
0.814	0.120849	5.173904
0.815	0.120920	5.182287
0.816	0.120991	5.190664
0.817	0.121062	5.199036
0.818	0.121133	5.207403
0.819	0.121208	5.215766
0.820	0.121283	5.224124
0.821	0.121357	5.232478
0.822	0.121436	5.240826
0.823	0.121514	5.249170
0.824	0.121597	5.257511
0.825	0.121675	5.265845
0.826	0.121757	5.274177
0.827	0.121840	5.282502
0.828	0.121922	5.290824
0.829	0.122008	5.299141
0.830	0.122094	5.307454
0.831	0.122180	5.315763
0.832	0.122269	5.324067
0.833	0.122355	5.332366
0.834	0.122449	5.340662
0.835	0.122538	5.348953
0.836	0.122632	5.357240
0.837	0.122721	5.365523
0.838	0.122814	5.373802
0.839	0.122911	5.382076
0.840	0.123004	5.390347
0.841	0.123101	5.398613
0.842	0.123198	5.406875
0.843	0.123299	5.415133
0.844	0.123399	5.423388
0.845	0.123499	5.431638
0.846	0.123600	5.439884
0.847	0.123704	5.448126
0.848	0.123808	5.456365
0.849	0.123908	5.464599
0.850	0.124016	5.472829
0.851	0.124120	5.481056
0.852	0.124227	5.489279
0.853	0.124334	5.497498
0.854	0.124446	5.505713
0.855	0.124553	5.513926
0.856	0.124664	5.522133
0.857	0.124775	5.530337
0.858	0.124886	5.538537
0.859	0.125000	5.546734
0.860	0.125114	5.554927
0.861	0.125229	5.563117
0.862	0.125343	5.571302
0.863	0.125461	5.579484
0.864	0.125578	5.587663
0.865	0.125696	5.595838
0.866	0.125814	5.604010
0.867	0.125935	5.612178
0.868	0.126056	5.620342
0.869	0.126177	5.628503
0.870	0.126298	5.636661
0.871	0.126419	5.644815
0.872	0.126543	5.652966
0.873	0.126667	5.661114
0.874	0.126795	5.669258
0.875	0.126923	5.677398
0.876	0.127043	5.685535
0.877	0.127171	5.693669
0.878	0.127306	5.701801
0.879	0.127426	5.709928
0.880	0.127560	5.718052
0.881	0.127687	5.726173
0.882	0.127822	5.734292
0.883	0.127956	5.742406
0.884	0.128082	5.750517
0.885	0.128216	5.758626
0.886	0.128350	5.766731
0.887	0.128484	5.774833
0.888	0.128625	5.782932
0.889	0.128758	5.791028
0.890	0.128899	5.799120
0.891	0.129039	5.807210
0.892	0.129172	5.815297
0.893	0.129313	5.823380
0.894	0.129453	5.831461
0.895	0.129592	5.839538
0.896	0.129732	5.847613
0.897	0.129879	5.855684
0.898	0.130019	5.863754
0.899	0.130165	5.871819
0.900	0.130304	5.879882
