0.300 1.5258 1.8878
0.301 1.5300 1.8890
0.302 1.5300 1.8894
0.303 1.5300 1.8899
0.304 1.5300 1.8903
0.305 1.5300 1.8907
0.306 1.5300 1.8911
0.307 1.5300 1.8915
0.308 1.5300 1.8919
0.309 1.5300 1.8923
0.310 1.5300 1.8927
0.311 1.5303 1.8932
0.312 1.5313 1.8937
0.313 1.5324 1.8942
0.314 1.5334 1.8947
0.315 1.5344 1.8952
0.316 1.5355 1.8957
0.317 1.5365 1.8962
0.318 1.5375 1.8968
0.319 1.5386 1.8973
0.320 1.5396 1.8978
0.321 1.5368 1.8972
0.322 1.5314 1.8958
0.323 1.5259 1.8945
0.324 1.5205 1.8931
0.325 1.5151 1.8918
0.326 1.5097 1.8904
0.327 1.5043 1.8891
0.328 1.4989 1.8877
0.329 1.4935 1.8864
0.330 1.4881 1.8850
0.331 1.4827 1.8837
0.332 1.4800 1.8825
0.333 1.4800 1.8814
0.334 1.4800 1.8803
0.335 1.4800 1.8792
0.336 1.4800 1.8781
0.337 1.4800 1.8770
0.338 1.4800 1.8759
0.339 1.4800 1.8748
0.340 1.4800 1.8737
0.341 1.4800 1.8726
0.342 1.4800 1.8715
0.343 1.4809 1.8708
0.344 1.4826 1.8704
0.345 1.4843 1.8699
0.346 1.4860 1.8695
0.347 1.4877 1.8691
0.348 1.4894 1.8686
0.349 1.4911 1.8682
0.350 1.4928 1.8678
0.351 1.4945 1.8674
0.352 1.4962 1.8669
0.353 1.4979 1.8665
0.354 1.4997 1.8661
0.355 1.4988 1.8677
0.356 1.4974 1.8698
0.357 1.4959 1.8719
0.358 1.4945 1.8740
0.359 1.4930 1.8762
0.360 1.4915 1.8783
0.361 1.4901 1.8804
0.362 1.4886 1.8825
0.363 1.4872 1.8846
0.364 1.4857 1.8867
0.365 1.4842 1.8889
0.366 1.4828 1.8910
0.367 1.4813 1.8931
0.368 1.4799 1.8953
0.369 1.4784 1.8981
0.370 1.4769 1.9009
0.371 1.4754 1.9037
0.372 1.4740 1.9065
0.373 1.4725 1.9093
0.374 1.4710 1.9120
0.375 1.4696 1.9148
0.376 1.4681 1.9176
0.377 1.4666 1.9204
0.378 1.4651 1.9232
0.379 1.4637 1.9260
0.380 1.4622 1.9288
0.381 1.4607 1.9316
0.382 1.4603 1.9336
0.383 1.4609 1.9348
0.384 1.4616 1.9360
0.385 1.4622 1.9372
0.386 1.4628 1.9384
0.387 1.4635 1.9396
0.388 1.4641 1.9408
0.389 1.4647 1.9420
0.390 1.4653 1.9432
0.391 1.4660 1.9444
0.392 1.4666 1.9455
0.393 1.4672 1.9467
0.394 1.4679 1.9479
0.395 1.4685 1.9491
0.396 1.4691 1.9503
0.397 1.4697 1.9515
0.398 1.4696 1.9522
0.399 1.4690 1.9526
0.400 1.4684 1.9530
0.401 1.4677 1.9534
0.402 1.4671 1.9537
0.403 1.4665 1.9541
0.404 1.4658 1.9545
0.405 1.4652 1.9549
0.406 1.4646 1.9552
0.407 1.4640 1.9556
0.408 1.4633 1.9560
0.409 1.4627 1.9564
0.410 1.4621 1.9568
0.411 1.4614 1.9571
0.412 1.4608 1.9575
0.413 1.4602 1.9579
0.414 1.4596 1.9576
0.415 1.4590 1.9570
0.416 1.4584 1.9564
0.417 1.4578 1.9558
0.418 1.4573 1.9553
0.419 1.4567 1.9547
0.420 1.4561 1.9541
0.421 1.4555 1.9535
0.422 1.4549 1.9529
0.423 1.4544 1.9524
0.424 1.4538 1.9518
0.425 1.4532 1.9512
0.426 1.4526 1.9506
0.427 1.4520 1.9500
0.428 1.4515 1.9495
0.429 1.4509 1.9489
0.430 1.4503 1.9483
0.431 1.4483 1.9472
0.432 1.4449 1.9455
0.433 1.4414 1.9438
0.434 1.4380 1.9422
0.435 1.4346 1.9405
0.436 1.4311 1.9388
0.437 1.4277 1.9372
0.438 1.4243 1.9355
0.439 1.4208 1.9338
0.440 1.4174 1.9322
0.441 1.4140 1.9305
0.442 1.4105 1.9288
0.443 1.4071 1.9272
0.444 1.4037 1.9255
0.445 1.4002 1.9238
0.446 1.3968 1.9222
0.447 1.3934 1.9205
0.448 1.3900 1.9188
0.449 1.3865 1.9172
0.450 1.3831 1.9155
0.451 1.3797 1.9137
0.452 1.3762 1.9105
0.453 1.3728 1.9073
0.454 1.3694 1.9042
0.455 1.3660 1.9010
0.456 1.3626 1.8978
0.457 1.3592 1.8947
0.458 1.3558 1.8915
0.459 1.3523 1.8883
0.460 1.3489 1.8851
0.461 1.3455 1.8820
0.462 1.3421 1.8788
0.463 1.3387 1.8756
0.464 1.3353 1.8725
0.465 1.3319 1.8693
0.466 1.3284 1.8661
0.467 1.3250 1.8630
0.468 1.3216 1.8598
0.469 1.3182 1.8566
0.470 1.3148 1.8534
0.471 1.3114 1.8503
0.472 1.3034 1.8486
0.473 1.2924 1.8480
0.474 1.2813 1.8473
0.475 1.2703 1.8466
0.476 1.2593 1.8460
0.477 1.2483 1.8453
0.478 1.2373 1.8447
0.479 1.2262 1.8440
0.480 1.2152 1.8434
0.481 1.2042 1.8427
0.482 1.1932 1.8421
0.483 1.1822 1.8414
0.484 1.1711 1.8408
0.485 1.1601 1.8401
0.486 1.1491 1.8395
0.487 1.1381 1.8388
0.488 1.1271 1.8382
0.489 1.1160 1.8375
0.490 1.1050 1.8369
0.491 1.0940 1.8362
0.492 1.0830 1.8355
0.493 1.0720 1.8349
0.494 1.0609 1.8342
0.495 1.0499 1.8336
0.496 1.0383 1.8340
0.497 1.0215 1.8439
0.498 1.0047 1.8538
0.499 0.98792 1.8638
0.500 0.97112 1.8737
0.501 0.95432 1.8836
0.502 0.93752 1.8935
0.503 0.92072 1.9034
0.504 0.90392 1.9134
0.505 0.88712 1.9233
0.506 0.87032 1.9332
0.507 0.85352 1.9431
0.508 0.83672 1.9530
0.509 0.81992 1.9630
0.510 0.80312 1.9729
0.511 0.78632 1.9828
0.512 0.76952 1.9927
0.513 0.75272 2.0026
0.514 0.73592 2.0126
0.515 0.71912 2.0225
0.516 0.70232 2.0324
0.517 0.68552 2.0423
0.518 0.66872 2.0522
0.519 0.65192 2.0622
0.520 0.63512 2.0721
0.521 0.61931 2.0824
0.522 0.61245 2.0959
0.523 0.60560 2.1094
0.524 0.59874 2.1229
0.525 0.59188 2.1364
0.526 0.58502 2.1499
0.527 0.57816 2.1634
0.528 0.57130 2.1769
0.529 0.56444 2.1904
0.530 0.55758 2.2039
0.531 0.55072 2.2174
0.532 0.54386 2.2309
0.533 0.53700 2.2444
0.534 0.53014 2.2579
0.535 0.52329 2.2714
0.536 0.51643 2.2849
0.537 0.50957 2.2984
0.538 0.50271 2.3119
0.539 0.49585 2.3254
0.540 0.48899 2.3389
0.541 0.48213 2.3524
0.542 0.47527 2.3659
0.543 0.46841 2.3794
0.544 0.46155 2.3929
0.545 0.45469 2.4064
0.546 0.44783 2.4199
0.547 0.44097 2.4334
0.548 0.43412 2.4469
0.549 0.42833 2.4599
0.550 0.42415 2.4721
0.551 0.41997 2.4842
0.552 0.41579 2.4964
0.553 0.41161 2.5086
0.554 0.40743 2.5208
0.555 0.40325 2.5329
0.556 0.39907 2.5451
0.557 0.39490 2.5573
0.558 0.39072 2.5695
0.559 0.38654 2.5817
0.560 0.38236 2.5938
0.561 0.37818 2.6060
0.562 0.37400 2.6182
0.563 0.36982 2.6304
0.564 0.36564 2.6426
0.565 0.36146 2.6547
0.566 0.35728 2.6669
0.567 0.35310 2.6791
0.568 0.34893 2.6913
0.569 0.34475 2.7035
0.570 0.34057 2.7156
0.571 0.33639 2.7278
0.572 0.33221 2.7400
0.573 0.32803 2.7522
0.574 0.32385 2.7643
0.575 0.31967 2.7765
0.576 0.31549 2.7887
0.577 0.31131 2.8009
0.578 0.30713 2.8131
0.579 0.30296 2.8252
0.580 0.29878 2.8374
0.581 0.29460 2.8496
0.582 0.29042 2.8618
0.583 0.28793 2.8736
0.584 0.28562 2.8854
0.585 0.28331 2.8972
0.586 0.28101 2.9090
0.587 0.27870 2.9208
0.588 0.27640 2.9325
0.589 0.27409 2.9443
0.590 0.27179 2.9561
0.591 0.26948 2.9679
0.592 0.26718 2.9797
0.593 0.26487 2.9915
0.594 0.26256 3.0033
0.595 0.26026 3.0150
0.596 0.25795 3.0268
0.597 0.25565 3.0386
0.598 0.25334 3.0504
0.599 0.25104 3.0622
0.600 0.24873 3.0740
0.601 0.24643 3.0858
0.602 0.24412 3.0976
0.603 0.24182 3.1093
0.604 0.23951 3.1211
0.605 0.23720 3.1329
0.606 0.23490 3.1447
0.607 0.23259 3.1565
0.608 0.23029 3.1683
0.609 0.22798 3.1801
0.610 0.22568 3.1919
0.611 0.22337 3.2036
0.612 0.22107 3.2154
0.613 0.21876 3.2272
0.614 0.21646 3.2390
0.615 0.21415 3.2508
0.616 0.21184 3.2626
0.617 0.20967 3.2740
0.618 0.20803 3.2839
0.619 0.20639 3.2939
0.620 0.20475 3.3039
0.621 0.20311 3.3138
0.622 0.20148 3.3238
0.623 0.19984 3.3337
0.624 0.19820 3.3437
0.625 0.19656 3.3536
0.626 0.19492 3.3636
0.627 0.19328 3.3735
0.628 0.19164 3.3835
0.629 0.19000 3.3934
0.630 0.18836 3.4034
0.631 0.18672 3.4133
0.632 0.18508 3.4233
0.633 0.18344 3.4332
0.634 0.18180 3.4432
0.635 0.18016 3.4531
0.636 0.17852 3.4631
0.637 0.17689 3.4731
0.638 0.17525 3.4830
0.639 0.17361 3.4930
0.640 0.17197 3.5029
0.641 0.17033 3.5129
0.642 0.16869 3.5228
0.643 0.16705 3.5328
0.644 0.16541 3.5427
0.645 0.16377 3.5527
0.646 0.16213 3.5626
0.647 0.16049 3.5726
0.648 0.15885 3.5825
0.649 0.15721 3.5925
0.650 0.15557 3.6024
0.651 0.15393 3.6124
0.652 0.15230 3.6224
0.653 0.15066 3.6323
0.654 0.14902 3.6423
0.655 0.14738 3.6522
0.656 0.14574 3.6622
0.657 0.14410 3.6721
0.658 0.14246 3.6821
0.659 0.14082 3.6920
0.660 0.13989 3.7015
0.661 0.13967 3.7105
0.662 0.13944 3.7196
0.663 0.13922 3.7286
0.664 0.13900 3.7376
0.665 0.13878 3.7466
0.666 0.13856 3.7556
0.667 0.13833 3.7647
0.668 0.13811 3.7737
0.669 0.13789 3.7827
0.670 0.13767 3.7917
0.671 0.13744 3.8008
0.672 0.13722 3.8098
0.673 0.13700 3.8188
0.674 0.13678 3.8278
0.675 0.13656 3.8368
0.676 0.13633 3.8459
0.677 0.13611 3.8549
0.678 0.13589 3.8639
0.679 0.13567 3.8729
0.680 0.13544 3.8820
0.681 0.13522 3.8910
0.682 0.13500 3.9000
0.683 0.13478 3.9090
0.684 0.13456 3.9180
0.685 0.13433 3.9271
0.686 0.13411 3.9361
0.687 0.13389 3.9451
0.688 0.13367 3.9541
0.689 0.13344 3.9632
0.690 0.13322 3.9722
0.691 0.13300 3.9812
0.692 0.13278 3.9902
0.693 0.13256 3.9992
0.694 0.13233 4.0083
0.695 0.13211 4.0173
0.696 0.13189 4.0263
0.697 0.13167 4.0353
0.698 0.13144 4.0444
0.699 0.13122 4.0534
0.700 0.13100 4.0624
0.701 0.13078 4.0714
0.702 0.13056 4.0804
0.703 0.13033 4.0895
0.704 0.13011 4.0985
0.705 0.13010 4.1073
0.706 0.13029 4.1158
0.707 0.13049 4.1243
0.708 0.13068 4.1328
0.709 0.13087 4.1414
0.710 0.13107 4.1499
0.711 0.13126 4.1584
0.712 0.13146 4.1669
0.713 0.13165 4.1755
0.714 0.13184 4.1840
0.715 0.13204 4.1925
0.716 0.13223 4.2010
0.717 0.13243 4.2096
0.718 0.13262 4.2181
0.719 0.13282 4.2266
0.720 0.13301 4.2351
0.721 0.13320 4.2437
0.722 0.13340 4.2522
0.723 0.13359 4.2607
0.724 0.13379 4.2692
0.725 0.13398 4.2777
0.726 0.13417 4.2863
0.727 0.13437 4.2948
0.728 0.13456 4.3033
0.729 0.13476 4.3118
0.730 0.13495 4.3204
0.731 0.13515 4.3289
0.732 0.13534 4.3374
0.733 0.13553 4.3459
0.734 0.13573 4.3545
0.735 0.13592 4.3630
0.736 0.13612 4.3715
0.737 0.13631 4.3800
0.738 0.13650 4.3886
0.739 0.13670 4.3971
0.740 0.13689 4.4056
0.741 0.13709 4.4141
0.742 0.13728 4.4227
0.743 0.13748 4.4312
0.744 0.13767 4.4397
0.745 0.13786 4.4482
0.746 0.13806 4.4568
0.747 0.13825 4.4653
0.748 0.13845 4.4738
0.749 0.13864 4.4823
0.750 0.13883 4.4909
0.751 0.13903 4.4994
0.752 0.13922 4.5079
0.753 0.13942 4.5164
0.754 0.13961 4.5250
0.755 0.13981 4.5335
0.756 0.14000 4.5420
0.757 0.14031 4.5503
0.758 0.14061 4.5586
0.759 0.14092 4.5669
0.760 0.14123 4.5752
0.761 0.14154 4.5836
0.762 0.14184 4.5919
0.763 0.14215 4.6002
0.764 0.14246 4.6085
0.765 0.14276 4.6168
0.766 0.14307 4.6251
0.767 0.14338 4.6334
0.768 0.14369 4.6417
0.769 0.14399 4.6500
0.770 0.14430 4.6583
0.771 0.14461 4.6667
0.772 0.14492 4.6750
0.773 0.14522 4.6833
0.774 0.14553 4.6916
0.775 0.14584 4.6999
0.776 0.14614 4.7082
0.777 0.14645 4.7165
0.778 0.14676 4.7248
0.779 0.14707 4.7331
0.780 0.14737 4.7414
0.781 0.14768 4.7498
0.782 0.14799 4.7581
0.783 0.14829 4.7664
0.784 0.14860 4.7747
0.785 0.14891 4.7830
0.786 0.14922 4.7913
0.787 0.14952 4.7996
0.788 0.14983 4.8079
0.789 0.15014 4.8162
0.790 0.15045 4.8245
0.791 0.15075 4.8329
0.792 0.15106 4.8412
0.793 0.15137 4.8495
0.794 0.15167 4.8578
0.795 0.15198 4.8661
0.796 0.15229 4.8744
0.797 0.15260 4.8827
0.798 0.15290 4.8910
0.799 0.15321 4.8993
0.800 0.15352 4.9077
0.801 0.15382 4.9160
0.802 0.15413 4.9243
0.803 0.15444 4.9326
0.804 0.15475 4.9409
0.805 0.15505 4.9492
0.806 0.15536 4.9575
0.807 0.15567 4.9658
0.808 0.15598 4.9741
0.809 0.15628 4.9824
0.810 0.15659 4.9908
0.811 0.15690 4.9991
0.812 0.15720 5.0074
0.813 0.15751 5.0157
0.814 0.15782 5.0240
0.815 0.15813 5.0323
0.816 0.15843 5.0406
0.817 0.15874 5.0489
0.818 0.15905 5.0572
0.819 0.15935 5.0655
0.820 0.15966 5.0739
0.821 0.15997 5.0822
0.822 0.16013 5.0904
0.823 0.16027 5.0985
0.824 0.16041 5.1067
0.825 0.16055 5.1149
0.826 0.16069 5.1231
0.827 0.16083 5.1313
0.828 0.16097 5.1394
0.829 0.16111 5.1476
0.830 0.16126 5.1558
0.831 0.16140 5.1640
0.832 0.16154 5.1722
0.833 0.16168 5.1803
0.834 0.16182 5.1885
0.835 0.16196 5.1967
0.836 0.16210 5.2049
0.837 0.16224 5.2131
0.838 0.16238 5.2213
0.839 0.16252 5.2294
0.840 0.16267 5.2376
0.841 0.16281 5.2458
0.842 0.16295 5.2540
0.843 0.16309 5.2622
0.844 0.16323 5.2703
0.845 0.16337 5.2785
0.846 0.16351 5.2867
0.847 0.16365 5.2949
0.848 0.16379 5.3031
0.849 0.16394 5.3112
0.850 0.16408 5.3194
0.851 0.16422 5.3276
0.852 0.16436 5.3358
0.853 0.16450 5.3440
0.854 0.16464 5.3521
0.855 0.16478 5.3603
0.856 0.16492 5.3685
0.857 0.16506 5.3767
0.858 0.16520 5.3849
0.859 0.16535 5.3930
0.860 0.16549 5.4012
0.861 0.16563 5.4094
0.862 0.16577 5.4176
0.863 0.16591 5.4258
0.864 0.16605 5.4339
0.865 0.16619 5.4421
0.866 0.16633 5.4503
0.867 0.16647 5.4585
0.868 0.16661 5.4667
0.869 0.16676 5.4748
0.870 0.16690 5.4830
0.871 0.16704 5.4912
0.872 0.16718 5.4994
0.873 0.16732 5.5076
0.874 0.16746 5.5158
0.875 0.16760 5.5239
0.876 0.16774 5.5321
0.877 0.16788 5.5403
0.878 0.16803 5.5485
0.879 0.16817 5.5567
0.880 0.16831 5.5648
0.881 0.16845 5.5730
0.882 0.16859 5.5812
0.883 0.16873 5.5894
0.884 0.16887 5.5976
0.885 0.16901 5.6057
0.886 0.16915 5.6139
0.887 0.16929 5.6221
0.888 0.16944 5.6303
0.889 0.16958 5.6385
0.890 0.16972 5.6466
0.891 0.16986 5.6548
0.892 0.17000 5.6630
0.893 0.17054 5.6705
0.894 0.17109 5.6779
0.895 0.17163 5.6854
0.896 0.17217 5.6929
0.897 0.17272 5.7003
0.898 0.17326 5.7078
0.899 0.17380 5.7153
0.900 0.17435 5.7227
