0.300 1.3490 0
0.301 1.3489 0
0.302 1.3488 0
0.303 1.3486 0
0.304 1.3485 0
0.305 1.3484 0
0.306 1.3483 0
0.307 1.3482 0
0.308 1.3480 0
0.309 1.3479 0
0.310 1.3478 0
0.311 1.3477 0
0.312 1.3476 0
0.313 1.3474 0
0.314 1.3473 0
0.315 1.3472 0
0.316 1.3471 0
0.317 1.3470 0
0.318 1.3468 0
0.319 1.3467 0
0.320 1.3466 0
0.321 1.3465 0
0.322 1.3464 0
0.323 1.3462 0
0.324 1.3461 0
0.325 1.3460 0
0.326 1.3459 0
0.327 1.3458 0
0.328 1.3456 0
0.329 1.3455 0
0.330 1.3454 0
0.331 1.3453 0
0.332 1.3452 0
0.333 1.3450 0
0.334 1.3449 0
0.335 1.3448 0
0.336 1.3447 0
0.337 1.3446 0
0.338 1.3444 0
0.339 1.3443 0
0.340 1.3442 0
0.341 1.3441 0
0.342 1.3440 0
0.343 1.3438 0
0.344 1.3437 0
0.345 1.3436 0
0.346 1.3435 0
0.347 1.3434 0
0.348 1.3432 0
0.349 1.3431 0
0.350 1.3430 0
0.351 1.3429 0
0.352 1.3428 0
0.353 1.3428 0
0.354 1.3427 0
0.355 1.3426 0
0.356 1.3425 0
0.357 1.3424 0
0.358 1.3424 0
0.359 1.3423 0
0.360 1.3422 0
0.361 1.3421 0
0.362 1.3420 0
0.363 1.3420 0
0.364 1.3419 0
0.365 1.3418 0
0.366 1.3417 0
0.367 1.3416 0
0.368 1.3416 0
0.369 1.3415 0
0.370 1.3414 0
0.371 1.3413 0
0.372 1.3412 0
0.373 1.3412 0
0.374 1.3411 0
0.375 1.3410 0
0.376 1.3409 0
0.377 1.3408 0
0.378 1.3408 0
0.379 1.3407 0
0.380 1.3406 0
0.381 1.3405 0
0.382 1.3404 0
0.383 1.3404 0
0.384 1.3403 0
0.385 1.3402 0
0.386 1.3401 0
0.387 1.3400 0
0.388 1.3400 0
0.389 1.3399 0
0.390 1.3398 0
0.391 1.3397 0
0.392 1.3396 0
0.393 1.3396 0
0.394 1.3395 0
0.395 1.3394 0
0.396 1.3393 0 
0.397 1.3392 0
0.398 1.3392 0
0.399 1.3391 0
0.400 1.3390 0
0.401 1.3390 0
0.402 1.3389 0
0.403 1.3389 0
0.404 1.3388 0
0.405 1.3388 0
0.406 1.3388 0
0.407 1.3387 0
0.408 1.3387 0
0.409 1.3386 0
0.410 1.3386 0
0.411 1.3386 0 
0.412 1.3385 0
0.413 1.3385 0
0.414 1.3384 0
0.415 1.3384 0
0.416 1.3384 0
0.417 1.3383 0
0.418 1.3383 0
0.419 1.3382 0
0.420 1.3382 0
0.421 1.3382 0
0.422 1.3381 0
0.423 1.3381 0
0.424 1.3380 0
0.425 1.3380 0
0.426 1.3380 0
0.427 1.3379 0
0.428 1.3379 0
0.429 1.3378 0
0.430 1.3378 0
0.431 1.3378 0
0.432 1.3377 0
0.433 1.3377 0
0.434 1.3376 0 
0.435 1.3376 0
0.436 1.3376 0
0.437 1.3375 0
0.438 1.3375 0
0.439 1.3374 0
0.440 1.3374 0
0.441 1.3374 0
0.442 1.3373 0
0.443 1.3373 0
0.444 1.3372 0
0.445 1.3372 0
0.446 1.3372 0 
0.447 1.3371 0
0.448 1.3371 0
0.449 1.3370 0
0.450 1.3370 0
0.451 1.3370 0
0.452 1.3369 0
0.453 1.3369 0
0.454 1.3368 0
0.455 1.3368 0
0.456 1.3368 0
0.457 1.3367 0
0.458 1.3367 0
0.459 1.3366 0
0.460 1.3366 0
0.461 1.3366 0
0.462 1.3365 0
0.463 1.3365 0
0.464 1.3364 0
0.465 1.3364 0
0.466 1.3364 0
0.467 1.3363 0
0.468 1.3363 0
0.469 1.3362 0
0.470 1.3362 0
0.471 1.3362 0
0.472 1.3361 0
0.473 1.3361 0
0.474 1.3360 0
0.475 1.3360 0
0.476 1.3360 0
0.477 1.3359 0
0.478 1.3359 0
0.479 1.3358 0
0.480 1.3358 0
0.481 1.3358 0
0.482 1.3357 0
0.483 1.3357 0
0.484 1.3356 0
0.485 1.3356 0
0.486 1.3356 0
0.487 1.3355 0
0.488 1.3355 0
0.489 1.3354 0
0.490 1.3354 0
0.491 1.3354 0
0.492 1.3353 0
0.493 1.3353 0
0.494 1.3352 0
0.495 1.3352 0
0.496 1.3352 0
0.497 1.3351 0
0.498 1.3351 0
0.499 1.3350 0
0.500 1.3350 0
0.501 1.3350 0
0.502 1.3349 0
0.503 1.3349 0
0.504 1.3348 0
0.505 1.3348 0
0.506 1.3348 0
0.507 1.3347 0
0.508 1.3347 0
0.509 1.3346 0
0.510 1.3346 0
0.511 1.3346 0
0.512 1.3345 0
0.513 1.3345 0
0.514 1.3344 0
0.515 1.3344 0
0.516 1.3344 0
0.517 1.3343 0
0.518 1.3343 0
0.519 1.3342 0
0.520 1.3342 0
0.521 1.3342 0
0.522 1.3341 0
0.523 1.3341 0
0.524 1.3340 0
0.525 1.3340 0
0.526 1.3340 0
0.527 1.3339 0
0.528 1.3339 0
0.529 1.3338 0
0.530 1.3338 0
0.531 1.3338 0
0.532 1.3337 0
0.533 1.3337 0
0.534 1.3336 0
0.535 1.3336 0
0.536 1.3336 0
0.537 1.3335 0
0.538 1.3335 0
0.539 1.3334 0 
0.540 1.3334 0
0.541 1.3334 0
0.542 1.3333 0
0.543 1.3333 0
0.544 1.3332 0
0.545 1.3332 0
0.546 1.3332 0
0.547 1.3331 0
0.548 1.3331 0
0.549 1.3330 0
0.550 1.3330 0
0.551 1.3330 0
0.552 1.3330 0
0.553 1.3330 0
0.554 1.3330 0
0.555 1.3330 0
0.556 1.3330 0
0.557 1.3330 0
0.558 1.3330 0
0.559 1.3330 0
0.560 1.3330 0
0.561 1.3330 0
0.562 1.3330 0
0.563 1.3330 0
0.564 1.3330 0
0.565 1.3330 0
0.566 1.3330 0
0.567 1.3330 0
0.568 1.3330 0
0.569 1.3330 0
0.570 1.3330 0
0.571 1.3330 0
0.572 1.3330 0
0.573 1.3330 0
0.574 1.3330 0
0.575 1.3330 0
0.576 1.3330 0
0.577 1.3329 0
0.578 1.3329 0
0.579 1.3328 0
0.580 1.3328 0
0.581 1.3328 0
0.582 1.3327 0
0.583 1.3327 0
0.584 1.3326 0
0.585 1.3326 0
0.586 1.3326 0
0.587 1.3325 0
0.588 1.3325 0
0.589 1.3324 0
0.590 1.3324 0
0.591 1.3324 0
0.592 1.3323 0
0.593 1.3323 0
0.594 1.3322 0
0.595 1.3322 0
0.596 1.3322 0
0.597 1.3321 0
0.598 1.3321 0
0.599 1.3320 0
0.600 1.3320 0
0.601 1.3320 0
0.602 1.3320 0
0.603 1.3320 0
0.604 1.3320 0
0.605 1.3320 0
0.606 1.3320 0
0.607 1.3320 0
0.608 1.3320 0
0.609 1.3320 0
0.610 1.3320 0
0.611 1.3320 0
0.612 1.3320 0
0.613 1.3320 0
0.614 1.3320 0
0.615 1.3320 0
0.616 1.3320 0
0.617 1.3320 0
0.618 1.3320 0
0.619 1.3320 0
0.620 1.3320 0
0.621 1.3320 0
0.622 1.3320 0
0.623 1.3320 0
0.624 1.3320 0
0.625 1.3320 0
0.626 1.3320 0
0.627 1.3319 0
0.628 1.3319 0
0.629 1.3318 0
0.630 1.3318 0
0.631 1.3318 0
0.632 1.3317 0 
0.633 1.3317 0
0.634 1.3316 0
0.635 1.3316 0
0.636 1.3316 0
0.637 1.3315 0 
0.638 1.3315 0
0.639 1.3314 0
0.640 1.3314 0
0.641 1.3314 0
0.642 1.3313 0
0.643 1.3313 0
0.644 1.3312 0
0.645 1.3312 0
0.646 1.3312 0
0.647 1.3311 0
0.648 1.3311 0
0.649 1.3310 0
0.650 1.3310 0
0.651 1.3310 0
0.652 1.3310 0
0.653 1.3310 0
0.654 1.3310 0
0.655 1.3310 0
0.656 1.3310 0
0.657 1.3310 0
0.658 1.3310 0
0.659 1.3310 0
0.660 1.3310 0
0.661 1.3310 0
0.662 1.3310 0
0.663 1.3310 0
0.664 1.3310 0
0.665 1.3310 0
0.666 1.3310 0
0.667 1.3310 0
0.668 1.3310 0
0.669 1.3310 0
0.670 1.3310 0
0.671 1.3310 0
0.672 1.3310 0
0.673 1.3310 0
0.674 1.3310 0
0.675 1.3310 0
0.676 1.3310 0
0.677 1.3310 0
0.678 1.3310 0
0.679 1.3310 0
0.680 1.3310 0
0.681 1.3310 0
0.682 1.3310 0
0.683 1.3310 0
0.684 1.3310 0
0.685 1.3310 0
0.686 1.3310 0
0.687 1.3310 0
0.688 1.3310 0
0.689 1.3310 0
0.690 1.3310 0
0.691 1.3310 0
0.692 1.3310 0
0.693 1.3310 0
0.694 1.3310 0
0.695 1.3310 0
0.696 1.3310 0
0.697 1.3310 0
0.698 1.3310 0
0.699 1.3310 0
0.700 1.3310 0
0.701 1.3310 0
0.702 1.3309 0
0.703 1.3309 0
0.704 1.3308 0
0.705 1.3308 0
0.706 1.3308 0
0.707 1.3307 0
0.708 1.3307 0
0.709 1.3306 0
0.710 1.3306 0
0.711 1.3306 0
0.712 1.3305 0
0.713 1.3305 0
0.714 1.3304 0
0.715 1.3304 0
0.716 1.3304 0
0.717 1.3303 0 
0.718 1.3303 0 
0.719 1.3302 0
0.720 1.3302 0
0.721 1.3302 0
0.722 1.3301 0
0.723 1.3301 0
0.724 1.3300 0
0.725 1.3300 0
0.726 1.3300 0
0.727 1.3300 0
0.728 1.3300 0
0.729 1.3300 0
0.730 1.3300 0
0.731 1.3300 0
0.732 1.3300 0
0.733 1.3300 0
0.734 1.3300 0
0.735 1.3300 0
0.736 1.3300 0
0.737 1.3300 0
0.738 1.3300 0
0.739 1.3300 0
0.740 1.3300 0
0.741 1.3300 0
0.742 1.3300 0
0.743 1.3300 0
0.744 1.3300 0
0.745 1.3300 0
0.746 1.3300 0
0.747 1.3300 0
0.748 1.3300 0
0.749 1.3300 0
0.750 1.3300 0
0.751 1.3300 0
0.752 1.3300 0
0.753 1.3300 0
0.754 1.3300 0
0.755 1.3300 0
0.756 1.3300 0
0.757 1.3300 0
0.758 1.3300 0
0.759 1.3300 0
0.760 1.3300 0
0.761 1.3300 0
0.762 1.3300 0
0.763 1.3300 0
0.764 1.3300 0
0.765 1.3300 0
0.766 1.3300 0
0.767 1.3300 0
0.768 1.3300 0
0.769 1.3300 0
0.770 1.3300 0
0.771 1.3300 0
0.772 1.3300 0
0.773 1.3300 0
0.774 1.3300 0
0.775 1.3300 0
0.776 1.3300 0
0.777 1.3299 0
0.778 1.3299 0
0.779 1.3298 0
0.780 1.3298 0
0.781 1.3298 0
0.782 1.3297 0
0.783 1.3297 0
0.784 1.3296 0
0.785 1.3296 0
0.786 1.3296 0
0.787 1.3295 0
0.788 1.3295 0
0.789 1.3294 0
0.790 1.3294 0
0.791 1.3294 0
0.792 1.3293 0
0.793 1.3293 0
0.794 1.3292 0
0.795 1.3292 0
0.796 1.3292 0
0.797 1.3291 0
0.798 1.3291 0
0.799 1.3290 0
0.800 1.3290 0
0.801 1.3290 0
0.802 1.3290 0
0.803 1.3290 0
0.804 1.3290 0
0.805 1.3290 0
0.806 1.3290 0
0.807 1.3290 0
0.808 1.3290 0
0.809 1.3290 0
0.810 1.3290 0
0.811 1.3290 0
0.812 1.3290 0
0.813 1.3290 0
0.814 1.3290 0
0.815 1.3290 0
0.816 1.3290 0
0.817 1.3290 0
0.818 1.3290 0
0.819 1.3290 0
0.820 1.3290 0
0.821 1.3290 0
0.822 1.3290 0
0.823 1.3290 0
0.824 1.3290 0
0.825 1.3290 0
0.826 1.3290 0
0.827 1.3290 0
0.828 1.3290 0
0.829 1.3290 0
0.830 1.3290 0
0.831 1.3290 0
0.832 1.3290 0
0.833 1.3290 0
0.834 1.3290 0
0.835 1.3290 0
0.836 1.3290 0
0.837 1.3290 0
0.838 1.3290 0
0.839 1.3290 0
0.840 1.3290 0
0.841 1.3290 0
0.842 1.3290 0
0.843 1.3290 0
0.844 1.3290 0
0.845 1.3290 0
0.846 1.3290 0
0.847 1.3290 0
0.848 1.3290 0
0.849 1.3290 0
0.850 1.3290 0
0.851 1.3290 0
0.852 1.3289 0
0.853 1.3289 0
0.854 1.3288 0
0.855 1.3288 0
0.856 1.3288 0
0.857 1.3287 0
0.858 1.3287 0
0.859 1.3286 0
0.860 1.3286 0
0.861 1.3286 0
0.862 1.3285 0
0.863 1.3285 0
0.864 1.3284 0
0.865 1.3284 0
0.866 1.3284 0
0.867 1.3283 0
0.868 1.3283 0
0.869 1.3282 0
0.870 1.3282 0
0.871 1.3282 0
0.872 1.3281 0
0.873 1.3281 0
0.874 1.3280 0
0.875 1.3280 0
0.876 1.3280 0
0.877 1.3280 0
0.878 1.3280 0
0.879 1.3280 0
0.880 1.3280 0
0.881 1.3280 0
0.882 1.3280 0
0.883 1.3280 0
0.884 1.3280 0
0.885 1.3280 0
0.886 1.3280 0
0.887 1.3280 0
0.888 1.3280 0
0.889 1.3280 0
0.890 1.3280 0
0.891 1.3280 0
0.892 1.3280 0
0.893 1.3280 0
0.894 1.3280 0
0.895 1.3280 0
0.896 1.3280 0
0.897 1.3280 0
0.898 1.3280 0
0.899 1.3280 0
0.900 1.3280 0
